{
    "w": 3840,
    "h": 2160,
    "fl_x": 1677.9985558243452,
    "fl_y": 1676.9390109306962,
    "cx": 1920.0,
    "cy": 1080.0,
    "k1": -0.002591517972100302,
    "k2": 0.0007514558593338988,
    "p1": -0.00046122358779421974,
    "p2": -0.00027800184854866514,
    "camera_model": "OPENCV",
    "frames": [
        {
            "file_path": "images/frame_00001.png",
            "transform_matrix": [
                [
                    -0.0565910074838734,
                    -0.9426824917142951,
                    0.32885738198691533,
                    2.526521568076823
                ],
                [
                    0.9858236669449757,
                    -0.10487095138519059,
                    -0.13097244460849988,
                    -0.746423820431734
                ],
                [
                    0.15795301694846406,
                    0.3167835276192446,
                    0.9352534635412932,
                    2.4045906311169114
                ],
                [
                    0.0,
                    0.0,
                    0.0,
                    1.0
                ]
            ],
            "colmap_im_id": 1
        },
        {
            "file_path": "images/frame_00002.png",
            "transform_matrix": [
                [
                    -0.06402912857244179,
                    -0.9426362065335901,
                    0.32762364509634584,
                    2.514900580974984
                ],
                [
                    0.9866475765705205,
                    -0.10906096877227728,
                    -0.12096389849029811,
                    -0.7710324219172052
                ],
                [
                    0.1497559025273211,
                    0.3155038624524508,
                    0.9370328075557507,
                    2.3697106087043025
                ],
                [
                    0.0,
                    0.0,
                    0.0,
                    1.0
                ]
            ],
            "colmap_im_id": 2
        },
        {
            "file_path": "images/frame_00003.png",
            "transform_matrix": [
                [
                    -0.06901413767313065,
                    -0.9422187825340174,
                    0.3278121636567931,
                    2.499625861861
                ],
                [
                    0.9875162378320651,
                    -0.1111601756269912,
                    -0.11160239859689818,
                    -0.7956198093389247
                ],
                [
                    0.14159353381859863,
                    0.3160176912685275,
                    0.938127971007192,
                    2.33584919878114
                ],
                [
                    0.0,
                    0.0,
                    0.0,
                    1.0
                ]
            ],
            "colmap_im_id": 3
        },
        {
            "file_path": "images/frame_00004.png",
            "transform_matrix": [
                [
                    -0.0641586805432582,
                    -0.9420634069857097,
                    0.3292418578027791,
                    2.48368824090967
                ],
                [
                    0.9872986678146718,
                    -0.10797177636391325,
                    -0.11654799886825755,
                    -0.8558161446592416
                ],
                [
                    0.14534443313151832,
                    0.31758248177016685,
                    0.9370252734213624,
                    2.269092125627774
                ],
                [
                    0.0,
                    0.0,
                    0.0,
                    1.0
                ]
            ],
            "colmap_im_id": 4
        },
        {
            "file_path": "images/frame_00005.png",
            "transform_matrix": [
                [
                    -0.04632491739246594,
                    -0.9418018146160031,
                    0.3329614752709163,
                    2.4692014655419223
                ],
                [
                    0.9841433248741276,
                    -0.10016133190013846,
                    -0.14638860508143284,
                    -0.9384359539133583
                ],
                [
                    0.1712189187393689,
                    0.32090037329051846,
                    0.9315079346348732,
                    2.2537703090400747
                ],
                [
                    0.0,
                    0.0,
                    0.0,
                    1.0
                ]
            ],
            "colmap_im_id": 5
        },
        {
            "file_path": "images/frame_00006.png",
            "transform_matrix": [
                [
                    -0.008421607522769135,
                    -0.9395197835788173,
                    0.34239108164603915,
                    2.506014208690387
                ],
                [
                    0.9775595373288399,
                    -0.07981058624984935,
                    -0.1949554341378562,
                    -1.2102645108938
                ],
                [
                    0.21049092024160346,
                    0.33306582920868294,
                    0.9191086583801588,
                    2.298642482829853
                ],
                [
                    0.0,
                    0.0,
                    0.0,
                    1.0
                ]
            ],
            "colmap_im_id": 6
        },
        {
            "file_path": "images/frame_00007.png",
            "transform_matrix": [
                [
                    0.024200420960931734,
                    -0.9366355828698902,
                    0.3494683455297412,
                    2.5102567394125126
                ],
                [
                    0.9715537543652786,
                    -0.06034068858817815,
                    -0.2290028464439603,
                    -1.4758354226744526
                ],
                [
                    0.2355793751669387,
                    0.345069248416438,
                    0.9085315469444467,
                    2.443885246981763
                ],
                [
                    0.0,
                    0.0,
                    0.0,
                    1.0
                ]
            ],
            "colmap_im_id": 7
        },
        {
            "file_path": "images/frame_00008.png",
            "transform_matrix": [
                [
                    0.05572436663130619,
                    -0.9343547526623427,
                    0.3519602124400318,
                    2.5630803255034067
                ],
                [
                    0.9636849407952196,
                    -0.04187348730764053,
                    -0.26373840438057344,
                    -1.6748604386628505
                ],
                [
                    0.2611630330809737,
                    0.3538754120280037,
                    0.8980902309422795,
                    2.5374043297760744
                ],
                [
                    0.0,
                    0.0,
                    0.0,
                    1.0
                ]
            ],
            "colmap_im_id": 8
        },
        {
            "file_path": "images/frame_00009.png",
            "transform_matrix": [
                [
                    0.10277199933471212,
                    -0.930796988512389,
                    0.35079179341742495,
                    2.596496531870059
                ],
                [
                    0.9462608007487122,
                    -0.017229780161683955,
                    -0.3229452455788534,
                    -1.8978437648195383
                ],
                [
                    0.30664052752229576,
                    0.3651302518990278,
                    0.8790059647289095,
                    2.566543161321115
                ],
                [
                    0.0,
                    0.0,
                    0.0,
                    1.0
                ]
            ],
            "colmap_im_id": 9
        },
        {
            "file_path": "images/frame_00010.png",
            "transform_matrix": [
                [
                    0.14991780747407907,
                    -0.9267567494106017,
                    0.34445112632136987,
                    2.566079330904065
                ],
                [
                    0.919300469875416,
                    0.002439872231257825,
                    -0.3935488446309234,
                    -2.159300571319512
                ],
                [
                    0.36388363124631545,
                    0.37565406219737657,
                    0.8523336954888062,
                    2.432475223368594
                ],
                [
                    0.0,
                    0.0,
                    0.0,
                    1.0
                ]
            ],
            "colmap_im_id": 10
        },
        {
            "file_path": "images/frame_00011.png",
            "transform_matrix": [
                [
                    0.17929753694667977,
                    -0.9302690467636235,
                    0.32008107391464624,
                    2.4759816611840715
                ],
                [
                    0.8973893540505752,
                    0.021318792313307546,
                    -0.44072424068911126,
                    -2.3660064679944615
                ],
                [
                    0.4031683773332745,
                    0.3662581189923321,
                    0.8386359459209063,
                    2.2587701164945275
                ],
                [
                    0.0,
                    0.0,
                    0.0,
                    1.0
                ]
            ],
            "colmap_im_id": 11
        },
        {
            "file_path": "images/frame_00012.png",
            "transform_matrix": [
                [
                    0.21424619091835628,
                    -0.9324976818210837,
                    0.29076905453517576,
                    2.3237388915281025
                ],
                [
                    0.8638926765569341,
                    0.041975224899535195,
                    -0.5019238227917956,
                    -2.66673656221927
                ],
                [
                    0.4558377047461867,
                    0.3587285239466443,
                    0.814570950279219,
                    2.071247805550162
                ],
                [
                    0.0,
                    0.0,
                    0.0,
                    1.0
                ]
            ],
            "colmap_im_id": 12
        },
        {
            "file_path": "images/frame_00013.png",
            "transform_matrix": [
                [
                    0.23958852126582159,
                    -0.9318954369337779,
                    0.272338456887125,
                    2.266373429794453
                ],
                [
                    0.8343921943035605,
                    0.05422704077398522,
                    -0.5484971231776753,
                    -2.8364270531252878
                ],
                [
                    0.4963738576546375,
                    0.35865069729599025,
                    0.7905584549963107,
                    1.9748841036600402
                ],
                [
                    0.0,
                    0.0,
                    0.0,
                    1.0
                ]
            ],
            "colmap_im_id": 13
        },
        {
            "file_path": "images/frame_00014.png",
            "transform_matrix": [
                [
                    0.26726338844020264,
                    -0.9294974936382372,
                    0.2541745276767457,
                    2.2352372863423535
                ],
                [
                    0.7957573132656187,
                    0.06413168379389439,
                    -0.6022104495257816,
                    -3.027651271563733
                ],
                [
                    0.5434524630395426,
                    0.3632100445389628,
                    0.7567944793418218,
                    1.8668551395108453
                ],
                [
                    0.0,
                    0.0,
                    0.0,
                    1.0
                ]
            ],
            "colmap_im_id": 14
        },
        {
            "file_path": "images/frame_00015.png",
            "transform_matrix": [
                [
                    0.2976744115829036,
                    -0.9244967107226929,
                    0.2381087494228078,
                    2.1093741126399066
                ],
                [
                    0.7497580158761016,
                    0.07199559836014573,
                    -0.6577838181699941,
                    -3.2279042409642735
                ],
                [
                    0.5909761943752925,
                    0.3743293545524929,
                    0.714580066893844,
                    1.8055328631307972
                ],
                [
                    0.0,
                    0.0,
                    0.0,
                    1.0
                ]
            ],
            "colmap_im_id": 15
        },
        {
            "file_path": "images/frame_00016.png",
            "transform_matrix": [
                [
                    0.34271963643877335,
                    -0.919005405891797,
                    0.19486486276629808,
                    1.9794957867701104
                ],
                [
                    0.6760469448833758,
                    0.09723822375126265,
                    -0.73041444136569,
                    -3.455369570783652
                ],
                [
                    0.6523065070295779,
                    0.38206516693275316,
                    0.654616245676441,
                    1.7021241639464624
                ],
                [
                    0.0,
                    0.0,
                    0.0,
                    1.0
                ]
            ],
            "colmap_im_id": 16
        },
        {
            "file_path": "images/frame_00017.png",
            "transform_matrix": [
                [
                    0.38075055126007623,
                    -0.9111042214541012,
                    0.15785472867058592,
                    1.890094304738178
                ],
                [
                    0.6171407134910207,
                    0.12325883414794349,
                    -0.7771387260690872,
                    -3.570783924237508
                ],
                [
                    0.6885973841563311,
                    0.39331457823605503,
                    0.6092103783423687,
                    1.5532579793977974
                ],
                [
                    0.0,
                    0.0,
                    0.0,
                    1.0
                ]
            ],
            "colmap_im_id": 17
        },
        {
            "file_path": "images/frame_00018.png",
            "transform_matrix": [
                [
                    0.4104304349675001,
                    -0.902595800574678,
                    0.12987562834244407,
                    1.781239938741322
                ],
                [
                    0.5748091420782268,
                    0.1455106908787773,
                    -0.8052459804452761,
                    -3.62465663441909
                ],
                [
                    0.7079133479711208,
                    0.4051511565143767,
                    0.5785423339215389,
                    1.3322740987471746
                ],
                [
                    0.0,
                    0.0,
                    0.0,
                    1.0
                ]
            ],
            "colmap_im_id": 18
        },
        {
            "file_path": "images/frame_00019.png",
            "transform_matrix": [
                [
                    0.44832601853873183,
                    -0.8902340180981584,
                    0.0805429954869844,
                    1.5116695890662468
                ],
                [
                    0.5109812661817482,
                    0.18131158830957714,
                    -0.840252493930221,
                    -3.643250131962148
                ],
                [
                    0.7334179754495428,
                    0.417863016986986,
                    0.5361796082676287,
                    1.0258416980710687
                ],
                [
                    0.0,
                    0.0,
                    0.0,
                    1.0
                ]
            ],
            "colmap_im_id": 19
        },
        {
            "file_path": "images/frame_00020.png",
            "transform_matrix": [
                [
                    0.47697693473752134,
                    -0.8778958141468831,
                    0.04233135046014413,
                    1.3308164136747367
                ],
                [
                    0.45809187071136515,
                    0.2072083262882658,
                    -0.8644168829361082,
                    -3.6466936695010808
                ],
                [
                    0.7500965549291372,
                    0.4316985626802536,
                    0.5009905281172918,
                    0.8050192838664026
                ],
                [
                    0.0,
                    0.0,
                    0.0,
                    1.0
                ]
            ],
            "colmap_im_id": 20
        },
        {
            "file_path": "images/frame_00021.png",
            "transform_matrix": [
                [
                    0.49824034975394743,
                    -0.8670242681009137,
                    -0.005047019034931617,
                    1.219865640905669
                ],
                [
                    0.39078039438853923,
                    0.22975276101403272,
                    -0.8913497361686749,
                    -3.662545152300364
                ],
                [
                    0.7739814191817541,
                    0.4421341282128124,
                    0.4532881814374764,
                    0.6390998219481804
                ],
                [
                    0.0,
                    0.0,
                    0.0,
                    1.0
                ]
            ],
            "colmap_im_id": 21
        },
        {
            "file_path": "images/frame_00022.png",
            "transform_matrix": [
                [
                    0.5145322529975095,
                    -0.8563153620244529,
                    -0.04450349858423318,
                    1.0712452571474473
                ],
                [
                    0.3236779962361836,
                    0.24202490280840833,
                    -0.9146892921495853,
                    -3.698779247372125
                ],
                [
                    0.7940334472664458,
                    0.45623233903517907,
                    0.4017000590498508,
                    0.4055735763426391
                ],
                [
                    0.0,
                    0.0,
                    0.0,
                    1.0
                ]
            ],
            "colmap_im_id": 22
        },
        {
            "file_path": "images/frame_00023.png",
            "transform_matrix": [
                [
                    0.5255664406025379,
                    -0.846306271489392,
                    -0.08686547847161595,
                    0.805885841521403
                ],
                [
                    0.24238303548047985,
                    0.24682622534045956,
                    -0.9382575758263024,
                    -3.774493473166035
                ],
                [
                    0.8154939488577753,
                    0.4720619761449809,
                    0.3348538637293111,
                    0.15314747550282196
                ],
                [
                    0.0,
                    0.0,
                    0.0,
                    1.0
                ]
            ],
            "colmap_im_id": 23
        },
        {
            "file_path": "images/frame_00024.png",
            "transform_matrix": [
                [
                    0.5370798173107374,
                    -0.8340640225975838,
                    -0.12602569597428126,
                    0.6073170786274783
                ],
                [
                    0.16047986538741726,
                    0.247705191705389,
                    -0.9554519092070689,
                    -3.8179499194922024
                ],
                [
                    0.8281252819729034,
                    0.4929293501208196,
                    0.2668879411789996,
                    -0.11846047399574738
                ],
                [
                    0.0,
                    0.0,
                    0.0,
                    1.0
                ]
            ],
            "colmap_im_id": 24
        },
        {
            "file_path": "images/frame_00025.png",
            "transform_matrix": [
                [
                    0.5440753848288096,
                    -0.8225219538096797,
                    -0.16564906013765937,
                    0.493768059313768
                ],
                [
                    0.0941743818278986,
                    0.2560458741347767,
                    -0.9620663678488561,
                    -3.794822736272912
                ],
                [
                    0.8337344669801745,
                    0.507836731479385,
                    0.2167687540436095,
                    -0.29238368933186437
                ],
                [
                    0.0,
                    0.0,
                    0.0,
                    1.0
                ]
            ],
            "colmap_im_id": 25
        },
        {
            "file_path": "images/frame_00026.png",
            "transform_matrix": [
                [
                    0.5480579037117922,
                    -0.8101097900144417,
                    -0.20821782416928875,
                    0.34525378058456746
                ],
                [
                    0.03258185151760656,
                    0.26942077402973674,
                    -0.9624712304650471,
                    -3.710124589833837
                ],
                [
                    0.8358055737614583,
                    0.5207058427211803,
                    0.17405306152235597,
                    -0.5374323088894615
                ],
                [
                    0.0,
                    0.0,
                    0.0,
                    1.0
                ]
            ],
            "colmap_im_id": 26
        },
        {
            "file_path": "images/frame_00027.png",
            "transform_matrix": [
                [
                    0.5481396675074369,
                    -0.8016563076340232,
                    -0.23851639217341158,
                    0.21531489355129865
                ],
                [
                    -0.00809652619558314,
                    0.2800755242506331,
                    -0.9599438249081544,
                    -3.623016563782374
                ],
                [
                    0.8363476257922904,
                    0.528114443228281,
                    0.14702987344509982,
                    -0.6803509581691672
                ],
                [
                    0.0,
                    0.0,
                    0.0,
                    1.0
                ]
            ],
            "colmap_im_id": 27
        },
        {
            "file_path": "images/frame_00028.png",
            "transform_matrix": [
                [
                    0.5424085980332483,
                    -0.7880548472896366,
                    -0.2911399499259997,
                    0.09121967229635389
                ],
                [
                    -0.07400352991608715,
                    0.3003821039300918,
                    -0.9509437781480513,
                    -3.5443632988079226
                ],
                [
                    0.836849084566366,
                    0.5373454655078418,
                    0.1046109954000825,
                    -0.8414223949959935
                ],
                [
                    0.0,
                    0.0,
                    0.0,
                    1.0
                ]
            ],
            "colmap_im_id": 28
        },
        {
            "file_path": "images/frame_00029.png",
            "transform_matrix": [
                [
                    0.5378576170981675,
                    -0.7801047188513931,
                    -0.319602583461508,
                    0.003680838513118315
                ],
                [
                    -0.11665726161294888,
                    0.30659040549991246,
                    -0.9446657644735345,
                    -3.5282096271417696
                ],
                [
                    0.8349253062654461,
                    0.5453796392249974,
                    0.07389710465480101,
                    -0.9637337808933562
                ],
                [
                    0.0,
                    0.0,
                    0.0,
                    1.0
                ]
            ],
            "colmap_im_id": 29
        },
        {
            "file_path": "images/frame_00030.png",
            "transform_matrix": [
                [
                    0.525143090661862,
                    -0.7725296374407973,
                    -0.3569631544091034,
                    -0.1458518302920319
                ],
                [
                    -0.18438485394972123,
                    0.30620577249385,
                    -0.933938033557572,
                    -3.4958561441016194
                ],
                [
                    0.8307989889040831,
                    0.5562697045202397,
                    0.018359081374570953,
                    -1.1791641665669073
                ],
                [
                    0.0,
                    0.0,
                    0.0,
                    1.0
                ]
            ],
            "colmap_im_id": 30
        },
        {
            "file_path": "images/frame_00031.png",
            "transform_matrix": [
                [
                    0.5046448945615525,
                    -0.7649710055385985,
                    -0.40019106821395334,
                    -0.3818592704795358
                ],
                [
                    -0.2697772523899034,
                    0.3006033177706639,
                    -0.9147993656743668,
                    -3.4699041427747352
                ],
                [
                    0.8200937534732929,
                    0.5696112762494567,
                    -0.05467384643091513,
                    -1.4116651211518965
                ],
                [
                    0.0,
                    0.0,
                    0.0,
                    1.0
                ]
            ],
            "colmap_im_id": 31
        },
        {
            "file_path": "images/frame_00032.png",
            "transform_matrix": [
                [
                    0.4962046908724536,
                    -0.7563133153638106,
                    -0.42634619003759583,
                    -0.550096673025599
                ],
                [
                    -0.3232663272527184,
                    0.29481167028687016,
                    -0.8992135234343417,
                    -3.4778495047764437
                ],
                [
                    0.8057789935340276,
                    0.5840173354157108,
                    -0.09820369398969775,
                    -1.5895839295396679
                ],
                [
                    0.0,
                    0.0,
                    0.0,
                    1.0
                ]
            ],
            "colmap_im_id": 32
        },
        {
            "file_path": "images/frame_00033.png",
            "transform_matrix": [
                [
                    0.486252956893348,
                    -0.7461106888082693,
                    -0.4548372257836046,
                    -0.6809391000965687
                ],
                [
                    -0.37849153854460343,
                    0.2893169541088752,
                    -0.8792268508839467,
                    -3.4604622565113443
                ],
                [
                    0.7875926721107904,
                    0.5996786973965416,
                    -0.14171535811679808,
                    -1.762587169016563
                ],
                [
                    0.0,
                    0.0,
                    0.0,
                    1.0
                ]
            ],
            "colmap_im_id": 33
        },
        {
            "file_path": "images/frame_00034.png",
            "transform_matrix": [
                [
                    0.4703765662749834,
                    -0.7300682253877592,
                    -0.49572802238578795,
                    -0.8190133247037716
                ],
                [
                    -0.4470917731916272,
                    0.2871641291770593,
                    -0.8471397223943331,
                    -3.3269596118786056
                ],
                [
                    0.7608250996409901,
                    0.6201105943242298,
                    -0.19133222039982675,
                    -2.0100233485970476
                ],
                [
                    0.0,
                    0.0,
                    0.0,
                    1.0
                ]
            ],
            "colmap_im_id": 34
        },
        {
            "file_path": "images/frame_00035.png",
            "transform_matrix": [
                [
                    0.4468839068014798,
                    -0.7088426519370974,
                    -0.5457443253361679,
                    -1.014694513035574
                ],
                [
                    -0.5187440746578036,
                    0.29168552316589974,
                    -0.8036318439328135,
                    -3.097127073546108
                ],
                [
                    0.7288342464849362,
                    0.6422317730930308,
                    -0.2373583594072823,
                    -2.192076093429746
                ],
                [
                    0.0,
                    0.0,
                    0.0,
                    1.0
                ]
            ],
            "colmap_im_id": 35
        },
        {
            "file_path": "images/frame_00036.png",
            "transform_matrix": [
                [
                    0.435745209437371,
                    -0.6944239444742536,
                    -0.5726268399168873,
                    -1.1530478018923849
                ],
                [
                    -0.5644198890869649,
                    0.28475313428815957,
                    -0.7748198766914334,
                    -2.9259866169345523
                ],
                [
                    0.7011107624729779,
                    0.6608260269192554,
                    -0.26786687158114897,
                    -2.3238449301410338
                ],
                [
                    0.0,
                    0.0,
                    0.0,
                    1.0
                ]
            ],
            "colmap_im_id": 36
        },
        {
            "file_path": "images/frame_00037.png",
            "transform_matrix": [
                [
                    0.41007116630060103,
                    -0.6786204323416462,
                    -0.6093569950179468,
                    -1.2600113819607575
                ],
                [
                    -0.6259870113560776,
                    0.27648537960806796,
                    -0.7291749422988066,
                    -2.8172271820585126
                ],
                [
                    0.6633113146798795,
                    0.6804631831858501,
                    -0.3114288942057712,
                    -2.4772368886518352
                ],
                [
                    0.0,
                    0.0,
                    0.0,
                    1.0
                ]
            ],
            "colmap_im_id": 37
        },
        {
            "file_path": "images/frame_00038.png",
            "transform_matrix": [
                [
                    0.37530109939616124,
                    -0.6646348047645717,
                    -0.6460724890347773,
                    -1.4212971235722245
                ],
                [
                    -0.6889928665085556,
                    0.2662210546818327,
                    -0.6741032413098281,
                    -2.6818267481331914
                ],
                [
                    0.6200305756108776,
                    0.6981310237624828,
                    -0.358015584811599,
                    -2.6938709454847123
                ],
                [
                    0.0,
                    0.0,
                    0.0,
                    1.0
                ]
            ],
            "colmap_im_id": 38
        },
        {
            "file_path": "images/frame_00039.png",
            "transform_matrix": [
                [
                    0.3544524790494609,
                    -0.6581231504156159,
                    -0.6642569976919446,
                    -1.6134854831931025
                ],
                [
                    -0.7244755260272846,
                    0.2558402097723988,
                    -0.6400632775367635,
                    -2.6088828480046238
                ],
                [
                    0.5911841103101304,
                    0.7081099532916053,
                    -0.3861109189937262,
                    -2.8625677538848806
                ],
                [
                    0.0,
                    0.0,
                    0.0,
                    1.0
                ]
            ],
            "colmap_im_id": 39
        },
        {
            "file_path": "images/frame_00040.png",
            "transform_matrix": [
                [
                    0.3273441677044738,
                    -0.648065326719185,
                    -0.6876460776985653,
                    -1.7865814336685932
                ],
                [
                    -0.7639418635256618,
                    0.24677468448584133,
                    -0.5962340851124273,
                    -2.5709792087576333
                ],
                [
                    0.5560922810314894,
                    0.7204953763913197,
                    -0.41430397967666943,
                    -3.063128865588424
                ],
                [
                    0.0,
                    0.0,
                    0.0,
                    1.0
                ]
            ],
            "colmap_im_id": 40
        },
        {
            "file_path": "images/frame_00041.png",
            "transform_matrix": [
                [
                    0.2935640613304404,
                    -0.6402475359461369,
                    -0.7098614192996247,
                    -1.9046156999473833
                ],
                [
                    -0.8086684577431394,
                    0.2296741083989078,
                    -0.5415765221854613,
                    -2.4560830044659365
                ],
                [
                    0.5097798224199445,
                    0.7330299425303628,
                    -0.4503239234233768,
                    -3.213248689031387
                ],
                [
                    0.0,
                    0.0,
                    0.0,
                    1.0
                ]
            ],
            "colmap_im_id": 41
        },
        {
            "file_path": "images/frame_00042.png",
            "transform_matrix": [
                [
                    0.25658688242841104,
                    -0.6289572835641654,
                    -0.7338773107388286,
                    -1.9491518768414633
                ],
                [
                    -0.8496612732676097,
                    0.21513652963225025,
                    -0.4814478105953493,
                    -2.178720138462891
                ],
                [
                    0.4606939249381657,
                    0.7470803230372074,
                    -0.479199434949259,
                    -3.3243353812049867
                ],
                [
                    0.0,
                    0.0,
                    0.0,
                    1.0
                ]
            ],
            "colmap_im_id": 42
        },
        {
            "file_path": "images/frame_00043.png",
            "transform_matrix": [
                [
                    0.2332146426614131,
                    -0.6201442024119401,
                    -0.7490207598345778,
                    -2.0072480975489193
                ],
                [
                    -0.8750588179084456,
                    0.2021152805611934,
                    -0.4397970879443658,
                    -1.8692787671803597
                ],
                [
                    0.4241261553464765,
                    0.7580043413982064,
                    -0.49552640976287804,
                    -3.3308114982510437
                ],
                [
                    0.0,
                    0.0,
                    0.0,
                    1.0
                ]
            ],
            "colmap_im_id": 43
        },
        {
            "file_path": "images/frame_00044.png",
            "transform_matrix": [
                [
                    0.19640114524685498,
                    -0.6153526873615889,
                    -0.7633922060792828,
                    -2.007929791156898
                ],
                [
                    -0.9086356961191738,
                    0.17839328127593246,
                    -0.3775672243900815,
                    -1.542830476063227
                ],
                [
                    0.36852104673104885,
                    0.7678000438606896,
                    -0.5240947726926642,
                    -3.3175719466716966
                ],
                [
                    0.0,
                    0.0,
                    0.0,
                    1.0
                ]
            ],
            "colmap_im_id": 44
        },
        {
            "file_path": "images/frame_00045.png",
            "transform_matrix": [
                [
                    0.1589465892294141,
                    -0.611887610121313,
                    -0.7748093535524487,
                    -2.028288872042364
                ],
                [
                    -0.9372607319374275,
                    0.15312662556946685,
                    -0.3132005059220462,
                    -1.3590567356657264
                ],
                [
                    0.3102874508265735,
                    0.7759805339837696,
                    -0.5491592744712689,
                    -3.3474186531273906
                ],
                [
                    0.0,
                    0.0,
                    0.0,
                    1.0
                ]
            ],
            "colmap_im_id": 45
        },
        {
