{
    "w": 3840,
    "h": 2160,
    "fl_x": 1677.971196647964,
    "fl_y": 1678.3212032003398,
    "cx": 1920.0,
    "cy": 1080.0,
    "k1": -0.0006664584380747002,
    "k2": 0.00021707533477663104,
    "p1": -0.00048519698670123723,
    "p2": -0.00028776567915305123,
    "camera_model": "OPENCV",
    "frames": [
        {
            "file_path": "images/frame_00001.png",
            "transform_matrix": [
                [
                    -0.0308397903342008,
                    -0.9073654633754333,
                    0.41920976038926855,
                    2.3418510549123663
                ],
                [
                    0.9877596713717273,
                    -0.09182676991709252,
                    -0.12608995177336987,
                    0.12207035937330804
                ],
                [
                    0.1529043457320946,
                    0.4101899074819842,
                    0.899090930249083,
                    2.4370975992613624
                ],
                [
                    0.0,
                    0.0,
                    0.0,
                    1.0
                ]
            ],
            "colmap_im_id": 1
        },
        {
            "file_path": "images/frame_00002.png",
            "transform_matrix": [
                [
                    -0.02735800376818328,
                    -0.9016133068197958,
                    0.431676944711312,
                    2.346309725052601
                ],
                [
                    0.9879414385024206,
                    -0.09022044281685086,
                    -0.12582521920386042,
                    0.10577297892708817
                ],
                [
                    0.15239177707339804,
                    0.4230292149053117,
                    0.8932093985270237,
                    2.4741568606964144
                ],
                [
                    0.0,
                    0.0,
                    0.0,
                    1.0
                ]
            ],
            "colmap_im_id": 2
        },
        {
            "file_path": "images/frame_00003.png",
            "transform_matrix": [
                [
                    -0.029670260693859942,
                    -0.8947306975781707,
                    0.44561940536924366,
                    2.3819781982220825
                ],
                [
                    0.9889603958019902,
                    -0.09102864633079925,
                    -0.11692356940477355,
                    0.09089441901392473
                ],
                [
                    0.14517923806636063,
                    0.43723079072551846,
                    0.8875540684803427,
                    2.5525337580842127
                ],
                [
                    0.0,
                    0.0,
                    0.0,
                    1.0
                ]
            ],
            "colmap_im_id": 3
        },
        {
            "file_path": "images/frame_00004.png",
            "transform_matrix": [
                [
                    -0.038118764066471855,
                    -0.8869032885060643,
                    0.46037975266422576,
                    2.448048784704532
                ],
                [
                    0.9900618856664856,
                    -0.09593162749360422,
                    -0.10283280311725165,
                    0.06189292285707884
                ],
                [
                    0.13536773018916928,
                    0.4518845866850931,
                    0.8817459372970622,
                    2.6613286704023995
                ],
                [
                    0.0,
                    0.0,
                    0.0,
                    1.0
                ]
            ],
            "colmap_im_id": 4
        },
        {
            "file_path": "images/frame_00005.png",
            "transform_matrix": [
                [
                    -0.046222952855716565,
                    -0.8861436912538129,
                    0.46109955224481103,
                    2.5273001525154517
                ],
                [
                    0.9900499033815027,
                    -0.10205464345176139,
                    -0.09688156978605776,
                    -0.03624515397062502
                ],
                [
                    0.13290834226479212,
                    0.4520334149164206,
                    0.8820437428809434,
                    2.7748772780811772
                ],
                [
                    0.0,
                    0.0,
                    0.0,
                    1.0
                ]
            ],
            "colmap_im_id": 5
        },
        {
            "file_path": "images/frame_00006.png",
            "transform_matrix": [
                [
                    -0.04694265232065629,
                    -0.8903196325180489,
                    0.45290985785918636,
                    2.575254986362503
                ],
                [
                    0.9884967821003261,
                    -0.10666417761751328,
                    -0.1072234348940572,
                    -0.24615647959447562
                ],
                [
                    0.14377238667561487,
                    0.44266658465046355,
                    0.8850851911898039,
                    2.777132728998367
                ],
                [
                    0.0,
                    0.0,
                    0.0,
                    1.0
                ]
            ],
            "colmap_im_id": 6
        },
        {
            "file_path": "images/frame_00007.png",
            "transform_matrix": [
                [
                    -0.039698938400333325,
                    -0.894797341127823,
                    0.44470407306484677,
                    2.5816667896023304
                ],
                [
                    0.985841355448708,
                    -0.10763749883316683,
                    -0.12857290045726646,
                    -0.5151565682182537
                ],
                [
                    0.16291352361587627,
                    0.43330345850860463,
                    0.886401318065097,
                    2.6975664836890347
                ],
                [
                    0.0,
                    0.0,
                    0.0,
                    1.0
                ]
            ],
            "colmap_im_id": 7
        },
        {
            "file_path": "images/frame_00008.png",
            "transform_matrix": [
                [
                    -0.013509716823008314,
                    -0.9006409654311525,
                    0.4343539327997429,
                    2.438386626247008
                ],
                [
                    0.9765251000095271,
                    -0.10527821318271917,
                    -0.18792346016513528,
                    -0.9432595020845362
                ],
                [
                    0.21497957252433395,
                    0.4216187249355695,
                    0.880920787688064,
                    2.5565343666897125
                ],
                [
                    0.0,
                    0.0,
                    0.0,
                    1.0
                ]
            ],
            "colmap_im_id": 8
        },
        {
            "file_path": "images/frame_00009.png",
            "transform_matrix": [
                [
                    0.005067933582010341,
                    -0.8986521868209645,
                    0.43863260614220934,
                    2.3512005237086937
                ],
                [
                    0.9692103926106392,
                    -0.10357198701598878,
                    -0.22339216271187856,
                    -1.1944706789572326
                ],
                [
                    0.24618190612784463,
                    0.42625941705428394,
                    0.8704581428580026,
                    2.476360227581618
                ],
                [
                    0.0,
                    0.0,
                    0.0,
                    1.0
                ]
            ],
            "colmap_im_id": 9
        },
        {
            "file_path": "images/frame_00010.png",
            "transform_matrix": [
                [
                    0.04676060450597113,
                    -0.9056812221745235,
                    0.42137272060101066,
                    2.320094285658999
                ],
                [
                    0.946455656100802,
                    -0.09472336229980542,
                    -0.30862465175261045,
                    -1.428333362285085
                ],
                [
                    0.3194293926692352,
                    0.4132420700208063,
                    0.852757793669388,
                    2.426061588692596
                ],
                [
                    0.0,
                    0.0,
                    0.0,
                    1.0
                ]
            ],
            "colmap_im_id": 10
        },
        {
            "file_path": "images/frame_00011.png",
            "transform_matrix": [
                [
                    0.09536617238930087,
                    -0.9122066575936176,
                    0.398477486196767,
                    2.2939334889890928
                ],
                [
                    0.9111560608549716,
                    -0.08121305571357981,
                    -0.40397904939354773,
                    -1.7202215578203828
                ],
                [
                    0.4008739526722404,
                    0.4016011123285683,
                    0.8234176465472371,
                    2.3945422553608635
                ],
                [
                    0.0,
                    0.0,
                    0.0,
                    1.0
                ]
            ],
            "colmap_im_id": 11
        },
        {
            "file_path": "images/frame_00012.png",
            "transform_matrix": [
                [
                    0.14379647274554455,
                    -0.9193387879360763,
                    0.3662495971631448,
                    2.2475424284559304
                ],
                [
                    0.8696361179239748,
                    -0.05923612867747236,
                    -0.4901266198253515,
                    -2.1491465825150367
                ],
                [
                    0.4722876208710732,
                    0.3889823569977589,
                    0.7909722682347399,
                    2.4820849083523218
                ],
                [
                    0.0,
                    0.0,
                    0.0,
                    1.0
                ]
            ],
            "colmap_im_id": 12
        },
        {
            "file_path": "images/frame_00013.png",
            "transform_matrix": [
                [
                    0.19244534563974827,
                    -0.9231137095060744,
                    0.3329051941071702,
                    2.2488756498076143
                ],
                [
                    0.821029245540553,
                    -0.03434406881339013,
                    -0.569852141265128,
                    -2.417335415601311
                ],
                [
                    0.5374716428879834,
                    0.3829902926436595,
                    0.7512939962704452,
                    2.4649346314801757
                ],
                [
                    0.0,
                    0.0,
                    0.0,
                    1.0
                ]
            ],
            "colmap_im_id": 13
        },
        {
            "file_path": "images/frame_00014.png",
            "transform_matrix": [
                [
                    0.2443152537575642,
                    -0.9253467746237574,
                    0.2899024033615207,
                    2.181230114160625
                ],
                [
                    0.7623278964317637,
                    -0.0014841968599363278,
                    -0.6471892887568543,
                    -2.7039324463891923
                ],
                [
                    0.599304793158956,
                    0.37911890463690906,
                    0.7050550482363852,
                    2.249173357476712
                ],
                [
                    0.0,
                    0.0,
                    0.0,
                    1.0
                ]
            ],
            "colmap_im_id": 14
        },
        {
            "file_path": "images/frame_00015.png",
            "transform_matrix": [
                [
                    0.2831660167633779,
                    -0.9267118562944173,
                    0.2470266025223146,
                    1.9802202892226461
                ],
                [
                    0.70792581091209,
                    0.02819427742271799,
                    -0.7057238333548547,
                    -2.9351715379390737
                ],
                [
                    0.6470379070771838,
                    0.37471351473354425,
                    0.6640269035823863,
                    2.002898207228977
                ],
                [
                    0.0,
                    0.0,
                    0.0,
                    1.0
                ]
            ],
            "colmap_im_id": 15
        },
        {
            "file_path": "images/frame_00016.png",
            "transform_matrix": [
                [
                    0.3225218271007598,
                    -0.9228160996448624,
                    0.21068962309480438,
                    1.7263464202323833
                ],
                [
                    0.6428792566859683,
                    0.050181046698948586,
                    -0.7643220027417074,
                    -3.1595153608649684
                ],
                [
                    0.6947560236273483,
                    0.3819585171042021,
                    0.6094438110647072,
                    1.7510435158952369
                ],
                [
                    0.0,
                    0.0,
                    0.0,
                    1.0
                ]
            ],
            "colmap_im_id": 16
        },
        {
            "file_path": "images/frame_00017.png",
            "transform_matrix": [
                [
                    0.3644817867856343,
                    -0.9191367724432388,
                    0.14946779132701843,
                    1.5656732256762542
                ],
                [
                    0.5406814481372639,
                    0.07820010110125805,
                    -0.8375848111253835,
                    -3.3499281501435014
                ],
                [
                    0.7581666035521102,
                    0.3860988704080585,
                    0.525462713737025,
                    1.521419237226665
                ],
                [
                    0.0,
                    0.0,
                    0.0,
                    1.0
                ]
            ],
            "colmap_im_id": 17
        },
        {
            "file_path": "images/frame_00018.png",
            "transform_matrix": [
                [
                    0.39461409114037144,
                    -0.9130378486916365,
                    0.10315815978393045,
                    1.422341268951358
                ],
                [
                    0.4535446209865796,
                    0.09591170647501508,
                    -0.8860576851058797,
                    -3.55693440352846
                ],
                [
                    0.799110127484065,
                    0.39643767658687395,
                    0.4519515159116104,
                    1.3626426125382896
                ],
                [
                    0.0,
                    0.0,
                    0.0,
                    1.0
                ]
            ],
            "colmap_im_id": 18
        },
        {
            "file_path": "images/frame_00019.png",
            "transform_matrix": [
                [
                    0.4204610185073138,
                    -0.9054121827078782,
                    0.0586626910390929,
                    1.2541541165819716
                ],
                [
                    0.37502488194714395,
                    0.11455442590603696,
                    -0.9199095724177835,
                    -3.7702304130202338
                ],
                [
                    0.8261772629625699,
                    0.4087860845350463,
                    0.3877177675245008,
                    1.2251463585295865
                ],
                [
                    0.0,
                    0.0,
                    0.0,
                    1.0
                ]
            ],
            "colmap_im_id": 19
        },
        {
            "file_path": "images/frame_00020.png",
            "transform_matrix": [
                [
                    0.4427640567005818,
                    -0.8964653241623588,
                    0.017604336639622534,
                    1.1175105199013904
                ],
                [
                    0.30237557917259206,
                    0.13080207560243884,
                    -0.9441715025026615,
                    -3.8342725415213987
                ],
                [
                    0.844114328283843,
                    0.4233683261565171,
                    0.3289836792203307,
                    1.0358735487429058
                ],
                [
                    0.0,
                    0.0,
                    0.0,
                    1.0
                ]
            ],
            "colmap_im_id": 20
        },
        {
            "file_path": "images/frame_00021.png",
            "transform_matrix": [
                [
                    0.4593007963159195,
                    -0.8881491558780854,
                    -0.015292331954498181,
                    0.9201536724288707
                ],
                [
                    0.24856769547287494,
                    0.14503501280443157,
                    -0.9576945994564877,
                    -3.8230343964174685
                ],
                [
                    0.8527935736571107,
                    0.43606871244548456,
                    0.2873798857875598,
                    0.6861437663241698
                ],
                [
                    0.0,
                    0.0,
                    0.0,
                    1.0
                ]
            ],
            "colmap_im_id": 21
        },
        {
            "file_path": "images/frame_00022.png",
            "transform_matrix": [
                [
                    0.4695819252549225,
                    -0.8814468089959565,
                    -0.050441435196932075,
                    0.6140884265160087
                ],
                [
                    0.19724965933967112,
                    0.16042793514401674,
                    -0.967137761394834,
                    -3.6674258642670643
                ],
                [
                    0.8605727089353136,
                    0.444200856073323,
                    0.24919914145009178,
                    0.3303530780360545
                ],
                [
                    0.0,
                    0.0,
                    0.0,
                    1.0
                ]
            ],
            "colmap_im_id": 22
        },
        {
            "file_path": "images/frame_00023.png",
            "transform_matrix": [
                [
                    0.47418438732196905,
                    -0.8784094724287174,
                    -0.059548010609853576,
                    0.43238108363601374
                ],
                [
                    0.15832090377025207,
                    0.15160703199847317,
                    -0.9756791477109595,
                    -3.5221268211664287
                ],
                [
                    0.866073702550458,
                    0.4532241240226698,
                    0.210960269137163,
                    0.07919608928753288
                ],
                [
                    0.0,
                    0.0,
                    0.0,
                    1.0
                ]
            ],
            "colmap_im_id": 23
        },
        {
            "file_path": "images/frame_00024.png",
            "transform_matrix": [
                [
                    0.4726952676620052,
                    -0.8751006520450668,
                    -0.1037209367497424,
                    0.28985210736391
                ],
                [
                    0.08030613669271815,
                    0.15998828245431557,
                    -0.9838468752233798,
                    -3.485113478563393
                ],
                [
                    0.8775591765456252,
                    0.45673033429762144,
                    0.1459016565805451,
                    -0.18455832498596092
                ],
                [
                    0.0,
                    0.0,
                    0.0,
                    1.0
                ]
            ],
            "colmap_im_id": 24
        },
        {
            "file_path": "images/frame_00025.png",
            "transform_matrix": [
                [
                    0.4687756530085474,
                    -0.8705314622232746,
                    -0.14974765582745264,
                    0.03537902582367718
                ],
                [
                    0.0031461709382934783,
                    0.17117315890808307,
                    -0.9852359368587075,
                    -3.5484983670326624
                ],
                [
                    0.8833116600355939,
                    0.4613834879455867,
                    0.08298065013198953,
                    -0.4373822706781693
                ],
                [
                    0.0,
                    0.0,
                    0.0,
                    1.0
                ]
            ],
            "colmap_im_id": 25
        },
        {
            "file_path": "images/frame_00026.png",
            "transform_matrix": [
                [
                    0.4699568345496808,
                    -0.8650242370368221,
                    -0.17570897244849976,
                    -0.14819458293261714
                ],
                [
                    -0.043666670445762175,
                    0.17603369815097922,
                    -0.9834151508937978,
                    -3.6275996575210363
                ],
                [
                    0.8816086408107766,
                    0.46983529715651806,
                    0.044955511270824366,
                    -0.6383446060326904
                ],
                [
                    0.0,
                    0.0,
                    0.0,
                    1.0
                ]
            ],
            "colmap_im_id": 26
        },
        {
            "file_path": "images/frame_00027.png",
            "transform_matrix": [
                [
                    0.47077888943081536,
                    -0.8569047152623569,
                    -0.2099560578488439,
                    -0.28110593946682183
                ],
                [
                    -0.10629740040064273,
                    0.18115213759075943,
                    -0.9776935950052879,
                    -3.5841230907933066
                ],
                [
                    0.8758242403212835,
                    0.4825952880079099,
                    -0.005804141470445476,
                    -0.8448572617810036
                ],
                [
                    0.0,
                    0.0,
                    0.0,
                    1.0
                ]
            ],
            "colmap_im_id": 27
        },
        {
            "file_path": "images/frame_00028.png",
            "transform_matrix": [
                [
                    0.47351927541598887,
                    -0.8514342424835818,
                    -0.22547555640451647,
                    -0.3887059680668197
                ],
                [
                    -0.14191785155277928,
                    0.17889509000505208,
                    -0.9735788977698355,
                    -3.5011047989631807
                ],
                [
                    0.8692748812775857,
                    0.4930073807748661,
                    -0.03612344503706775,
                    -1.0882341070014434
                ],
                [
                    0.0,
                    0.0,
                    0.0,
                    1.0
                ]
            ],
            "colmap_im_id": 28
        },
        {
            "file_path": "images/frame_00029.png",
            "transform_matrix": [
                [
                    0.47394166711218777,
                    -0.8450481452826144,
                    -0.24753369130147468,
                    -0.6571473977509336
                ],
                [
                    -0.18846485734580093,
                    0.17724949842993398,
                    -0.9659521793815485,
                    -3.2830137892554054
                ],
                [
                    0.8601513202457733,
                    0.5044563880661541,
                    -0.07525595537033958,
                    -1.4172634965546207
                ],
                [
                    0.0,
                    0.0,
                    0.0,
                    1.0
                ]
            ],
            "colmap_im_id": 29
        },
        {
            "file_path": "images/frame_00030.png",
            "transform_matrix": [
                [
                    0.4728647980532118,
                    -0.8415964662917437,
                    -0.2609871082780625,
                    -0.8706227859656673
                ],
                [
                    -0.23365263213924953,
                    0.16582668648731663,
                    -0.9580751314709286,
                    -3.1155683453709018
                ],
                [
                    0.8495912724695888,
                    0.5140203283663859,
                    -0.11822762693049871,
                    -1.7155267146704338
                ],
                [
                    0.0,
                    0.0,
                    0.0,
                    1.0
                ]
            ],
            "colmap_im_id": 30
        },
        {
            "file_path": "images/frame_00031.png",
            "transform_matrix": [
                [
                    0.4565252972867021,
                    -0.8364160579272883,
                    -0.3033031997501232,
                    -1.0387052708648845
                ],
                [
                    -0.3084368495314012,
                    0.17097669706627122,
                    -0.9357530010165355,
                    -3.0819712820195417
                ],
                [
                    0.8345366156067884,
                    0.5207448003597187,
                    -0.17992634634728888,
                    -1.9346371185222486
                ],
                [
                    0.0,
                    0.0,
                    0.0,
                    1.0
                ]
            ],
            "colmap_im_id": 31
        },
        {
            "file_path": "images/frame_00032.png",
            "transform_matrix": [
                [
                    0.4148761593626252,
                    -0.8239736932275246,
                    -0.38593409445332877,
                    -1.2420958333228316
                ],
                [
                    -0.4415460171884261,
                    0.18854513716791768,
                    -0.877204563346184,
                    -3.044360821206188
                ],
                [
                    0.7955594805528724,
                    0.5343389225195225,
                    -0.28559942013792655,
                    -2.183803480384896
                ],
                [
                    0.0,
                    0.0,
                    0.0,
                    1.0
                ]
            ],
            "colmap_im_id": 32
        },
        {
            "file_path": "images/frame_00033.png",
            "transform_matrix": [
                [
                    0.3886315454140021,
                    -0.8144479020164059,
                    -0.43085976466850484,
                    -1.4236022291978485
                ],
                [
                    -0.5110245356882763,
                    0.19858046350827122,
                    -0.8363131730622335,
                    -3.0492817238661156
                ],
                [
                    0.7666938410041557,
                    0.5451975920837464,
                    -0.3390282285479763,
                    -2.3589403618395792
                ],
                [
                    0.0,
                    0.0,
                    0.0,
                    1.0
                ]
            ],
            "colmap_im_id": 33
        },
        {
            "file_path": "images/frame_00034.png",
            "transform_matrix": [
                [
                    0.3611857529549614,
                    -0.8077190826386781,
                    -0.46597718335095517,
                    -1.539803951848638
                ],
                [
                    -0.5715788739945998,
                    0.2030619141394881,
                    -0.7950241819146584,
                    -3.0337934038340153
                ],
                [
                    0.7367784216882457,
                    0.5534941215291624,
                    -0.38833209340362007,
                    -2.5566264440777644
                ],
                [
                    0.0,
                    0.0,
                    0.0,
                    1.0
                ]
            ],
            "colmap_im_id": 34
        },
        {
            "file_path": "images/frame_00035.png",
            "transform_matrix": [
                [
                    0.33749149934708855,
                    -0.7942560593671839,
                    -0.5052294528498577,
                    -1.6366077463667106
                ],
                [
                    -0.6328635332658779,
                    0.20586973943909323,
                    -0.7463922552153851,
                    -2.8031451412612465
                ],
                [
                    0.6968380271847131,
                    0.5716423379542424,
                    -0.4331764090154549,
                    -2.8094909453449297
                ],
                [
                    0.0,
                    0.0,
                    0.0,
                    1.0
                ]
            ],
            "colmap_im_id": 35
        },
        {
            "file_path": "images/frame_00036.png",
            "transform_matrix": [
                [
                    0.3255638854336362,
                    -0.7787294291291259,
                    -0.5362729087969852,
                    -1.7999612227766448
                ],
                [
                    -0.6782899482499225,
                    0.20279133840990568,
                    -0.7062566241594028,
                    -2.45666392022998
                ],
                [
                    0.6587343186782295,
                    0.5936801742303212,
                    -0.46218280811967033,
                    -2.9832567408238746
                ],
                [
                    0.0,
                    0.0,
                    0.0,
                    1.0
                ]
            ],
            "colmap_im_id": 36
        },
        {
            "file_path": "images/frame_00037.png",
            "transform_matrix": [
                [
                    0.30003106480668806,
                    -0.7701384953275906,
                    -0.5629103464722596,
                    -1.9135491708639478
                ],
                [
                    -0.7347696618020718,
                    0.18975004860209319,
                    -0.6512361039982136,
                    -2.128002208641129
                ],
                [
                    0.6083542588379192,
                    0.6090005066254522,
                    -0.5089434926234037,
                    -3.094488145787201
                ],
                [
                    0.0,
                    0.0,
                    0.0,
                    1.0
                ]
            ],
            "colmap_im_id": 37
        },
        {
            "file_path": "images/frame_00038.png",
            "transform_matrix": [
                [
                    0.2521584267299286,
                    -0.7598419219213777,
                    -0.5992131353032192,
                    -1.9742123108134382
                ],
                [
                    -0.7983173982872994,
                    0.1866209001376258,
                    -0.5725923255018521,
                    -1.9186071777363691
                ],
                [
                    0.546905347771334,
                    0.6227462511510199,
                    -0.5595369936442688,
                    -3.191807819579891
                ],
                [
                    0.0,
                    0.0,
                    0.0,
                    1.0
                ]
            ],
            "colmap_im_id": 38
        },
        {
            "file_path": "images/frame_00039.png",
            "transform_matrix": [
                [
                    0.20264504271222492,
                    -0.7580595207052658,
                    -0.6199038229695499,
                    -2.036223754645936
                ],
                [
                    -0.848374693191995,
                    0.1802576053037845,
                    -0.4977625695866782,
                    -1.6757883483864233
                ],
                [
                    0.4890760335730511,
                    0.626779832794776,
                    -0.6065902031736118,
                    -3.3304109478070303
                ],
                [
                    0.0,
                    0.0,
                    0.0,
                    1.0
                ]
            ],
            "colmap_im_id": 39
        },
        {
            "file_path": "images/frame_00040.png",
            "transform_matrix": [
                [
                    0.14942122830341414,
                    -0.7560752423190722,
                    -0.6371997524202717,
                    -2.2499240863106715
                ],
                [
                    -0.8898447875043457,
                    0.17814692630271267,
                    -0.42004752921573196,
                    -1.3827162642852124
                ],
                [
                    0.431102714771833,
                    0.6297728960514674,
                    -0.6461706807920823,
                    -3.4835195646676502
                ],
                [
                    0.0,
                    0.0,
                    0.0,
                    1.0
                ]
            ],
            "colmap_im_id": 40
        },
        {
            "file_path": "images/frame_00041.png",
            "transform_matrix": [
                [
                    0.11278803711301245,
                    -0.75383008381825,
                    -0.6473168184241499,
                    -2.3360602014797225
                ],
                [
                    -0.9132348366104348,
                    0.17805079097826643,
                    -0.3664697109354692,
                    -1.267097746585546
                ],
                [
                    0.39151116444528933,
                    0.6324856682665497,
                    -0.6683418942069319,
                    -3.5694792958642614
                ],
                [
                    0.0,
                    0.0,
                    0.0,
                    1.0
                ]
            ],
            "colmap_im_id": 41
        },
        {
            "file_path": "images/frame_00042.png",
            "transform_matrix": [
                [
                    0.06913978964085232,
                    -0.7467963660337941,
                    -0.6614490737518183,
                    -2.326685195632674
                ],
                [
                    -0.9385428551567853,
                    0.17606185036783994,
                    -0.2968830306353025,
                    -1.0841576399236381
                ],
                [
                    0.33816711626438245,
                    0.641324732505906,
                    -0.688727514299857,
                    -3.638400957111912
                ],
                [
                    0.0,
                    0.0,
                    0.0,
                    1.0
                ]
            ],
            "colmap_im_id": 42
        },
        {
            "file_path": "images/frame_00043.png",
            "transform_matrix": [
                [
                    0.02945867414669648,
                    -0.7318670706252454,
                    -0.680810382890817,
                    -2.2435749928868516
                ],
                [
                    -0.9572912236268081,
                    0.17532831032532686,
                    -0.22989888378492396,
                    -0.7928712418083262
                ],
                [
                    0.28762075669987175,
                    0.6585063207994952,
                    -0.6954449840084441,
                    -3.6568295419457626
                ],
                [
                    0.0,
                    0.0,
                    0.0,
                    1.0
                ]
            ],
            "colmap_im_id": 43
        },
        {
            "file_path": "images/frame_00044.png",
            "transform_matrix": [
                [
                    -0.026832244887694208,
                    -0.7135558579441894,
                    -0.7000843293688401,
                    -2.1415448288288506
                ],
                [
                    -0.9755214279852906,
                    0.17160246213446956,
                    -0.1375155937736766,
                    -0.35332656995939904
                ],
                [
                    0.21826125211733233,
                    0.6792574126080034,
                    -0.700693508776308,
                    -3.541312725296914
                ],
                [
                    0.0,
                    0.0,
                    0.0,
                    1.0
                ]
            ],
            "colmap_im_id": 44
        },
        {
            "file_path": "images/frame_00045.png",
            "transform_matrix": [
                [
                    -0.06268444018285148,
                    -0.7078928579751117,
                    -0.7035327729301534,
                    -2.065524842942318
                ],
                [
                    -0.9836070067732494,
                    0.16324092837450663,
                    -0.07661367717318814,
                    -0.04802024736214118
                ],
                [
                    0.16907961788911996,
                    0.6871972794847615,
                    -0.7065210413591455,
                    -3.415310166605366
                ],
                [
                    0.0,
                    0.0,
                    0.0,
                    1.0
                ]
