{
    "w": 1920,
    "h": 1080,
    "fl_x": 879.9046740976281,
    "fl_y": 878.7977741975361,
    "cx": 960.0,
    "cy": 540.0,
    "k1": -0.0019907039967966248,
    "k2": 0.00026572874935273526,
    "p1": -0.00089817348761575,
    "p2": -0.0004574015007154356,
    "camera_model": "OPENCV",
    "frames": [
        {
            "file_path": "images/frame_00001.png",
            "transform_matrix": [
                [
                    -0.15210863067995856,
                    -0.9274150527713726,
                    0.34170789333250745,
                    2.4073122385561594
                ],
                [
                    0.9815815998162702,
                    -0.10131650787906686,
                    0.1619645891339289,
                    0.5642529947353062
                ],
                [
                    -0.11558774751157401,
                    0.36005039247897414,
                    0.9257446664717748,
                    2.8910678551251094
                ],
                [
                    0.0,
                    0.0,
                    0.0,
                    1.0
                ]
            ],
            "colmap_im_id": 1
        },
        {
            "file_path": "images/frame_00002.png",
            "transform_matrix": [
                [
                    -0.13694261027108628,
                    -0.9319348767198905,
                    0.3357738927391822,
                    2.4291385136956265
                ],
                [
                    0.9871587109112935,
                    -0.10024667022460661,
                    0.12437155856879928,
                    0.31666293366734577
                ],
                [
                    -0.08224597840681737,
                    0.3484938889879727,
                    0.9336956722476247,
                    2.8756180660282666
                ],
                [
                    0.0,
                    0.0,
                    0.0,
                    1.0
                ]
            ],
            "colmap_im_id": 2
        },
        {
            "file_path": "images/frame_00003.png",
            "transform_matrix": [
                [
                    -0.12341754331823063,
                    -0.9361193322515579,
                    0.3293155110015173,
                    2.4406425157260463
                ],
                [
                    0.9907571458590368,
                    -0.09741281500533665,
                    0.09439820656130811,
                    0.06652070357933054
                ],
                [
                    -0.056288435140337635,
                    0.33792209051441696,
                    0.9394893681206926,
                    2.8579713363702823
                ],
                [
                    0.0,
                    0.0,
                    0.0,
                    1.0
                ]
            ],
            "colmap_im_id": 3
        },
        {
            "file_path": "images/frame_00004.png",
            "transform_matrix": [
                [
                    -0.10057011584582955,
                    -0.9393718349353158,
                    0.32782038912949557,
                    2.3786522895985254
                ],
                [
                    0.9948574800649216,
                    -0.09096980104004203,
                    0.04453189483515519,
                    -0.21581071032409535
                ],
                [
                    -0.012010252188466873,
                    0.3306131440656779,
                    0.9436899399767791,
                    2.8148670919742154
                ],
                [
                    0.0,
                    0.0,
                    0.0,
                    1.0
                ]
            ],
            "colmap_im_id": 4
        },
        {
            "file_path": "images/frame_00005.png",
            "transform_matrix": [
                [
                    -0.07750749098460037,
                    -0.9400557845809755,
                    0.33209593601415677,
                    2.3347617327866743
                ],
                [
                    0.9967500411691429,
                    -0.08039813163078544,
                    0.005049342490970365,
                    -0.41064109772951873
                ],
                [
                    0.02195322916074787,
                    0.3314079997618128,
                    0.9432320994449299,
                    2.7793006489484506
                ],
                [
                    0.0,
                    0.0,
                    0.0,
                    1.0
                ]
            ],
            "colmap_im_id": 5
        },
        {
            "file_path": "images/frame_00006.png",
            "transform_matrix": [
                [
                    -0.04444432927113254,
                    -0.9406730693734301,
                    0.3363909602697568,
                    2.325206303029935
                ],
                [
                    0.9963655847842122,
                    -0.06623059149925282,
                    -0.05356426240763601,
                    -0.5752467758403488
                ],
                [
                    0.07266583140138247,
                    0.33278774812968853,
                    0.940197847073432,
                    2.7817096740533036
                ],
                [
                    0.0,
                    0.0,
                    0.0,
                    1.0
                ]
            ],
            "colmap_im_id": 6
        },
        {
            "file_path": "images/frame_00007.png",
            "transform_matrix": [
                [
                    -0.007447037581675814,
                    -0.9400807286680524,
                    0.34087059893484656,
                    2.3364745952142405
                ],
                [
                    0.9916322384576812,
                    -0.05087644761143136,
                    -0.11864691622562318,
                    -0.8065469243028938
                ],
                [
                    0.12887996462858714,
                    0.3371347070020901,
                    0.932593236117413,
                    2.8084202685591007
                ],
                [
                    0.0,
                    0.0,
                    0.0,
                    1.0
                ]
            ],
            "colmap_im_id": 7
        },
        {
            "file_path": "images/frame_00008.png",
            "transform_matrix": [
                [
                    0.019159051769445823,
                    -0.9400642534013242,
                    0.3404587055904233,
                    2.3396000575133757
                ],
                [
                    0.9865351462943855,
                    -0.03754398783509721,
                    -0.15918182717682702,
                    -1.0488012868701708
                ],
                [
                    0.1624233230210823,
                    0.3389242517944812,
                    0.9266871185488338,
                    2.917541741692642
                ],
                [
                    0.0,
                    0.0,
                    0.0,
                    1.0
                ]
            ],
            "colmap_im_id": 8
        },
        {
            "file_path": "images/frame_00009.png",
            "transform_matrix": [
                [
                    0.06613556036704955,
                    -0.9427446086078867,
                    0.32689247558746065,
                    2.3497687228725392
                ],
                [
                    0.9717363510096692,
                    -0.013551416330782365,
                    -0.2356794926204708,
                    -1.465180253122617
                ],
                [
                    0.22661542705947693,
                    0.3332400967113532,
                    0.9152029753898634,
                    3.061110216224903
                ],
                [
                    0.0,
                    0.0,
                    0.0,
                    1.0
                ]
            ],
            "colmap_im_id": 9
        },
        {
            "file_path": "images/frame_00010.png",
            "transform_matrix": [
                [
                    0.09814229167988836,
                    -0.944515075118021,
                    0.313463496213864,
                    2.361193138126266
                ],
                [
                    0.9583375456143648,
                    0.0047949776505614205,
                    -0.2855978936462347,
                    -1.6964167537894297
                ],
                [
                    0.26824846551220954,
                    0.3284330693826827,
                    0.9056348489795516,
                    3.0709396622585894
                ],
                [
                    0.0,
                    0.0,
                    0.0,
                    1.0
                ]
            ],
            "colmap_im_id": 10
        },
        {
            "file_path": "images/frame_00011.png",
            "transform_matrix": [
                [
                    0.13585944647788847,
                    -0.9455309373670392,
                    0.29582673524299613,
                    2.3437324477619605
                ],
                [
                    0.9384599622254401,
                    0.027115987685753427,
                    -0.3443219750635317,
                    -1.9718661980983812
                ],
                [
                    0.31754544572792565,
                    0.32440093972372225,
                    0.8910268908421446,
                    2.969709565163755
                ],
                [
                    0.0,
                    0.0,
                    0.0,
                    1.0
                ]
            ],
            "colmap_im_id": 11
        },
        {
            "file_path": "images/frame_00012.png",
            "transform_matrix": [
                [
                    0.17687779072975485,
                    -0.9476343831812895,
                    0.2659009645698531,
                    2.20270726118446
                ],
                [
                    0.908595255557919,
                    0.05335309506068907,
                    -0.41425609087264476,
                    -2.2462503844123214
                ],
                [
                    0.37837667571376654,
                    0.3148690570063409,
                    0.8704530821450039,
                    2.784673351133149
                ],
                [
                    0.0,
                    0.0,
                    0.0,
                    1.0
                ]
            ],
            "colmap_im_id": 12
        },
        {
            "file_path": "images/frame_00013.png",
            "transform_matrix": [
                [
                    0.22128917184025337,
                    -0.9469331933242457,
                    0.23312792584115963,
                    2.0225367208344345
                ],
                [
                    0.8708077265008983,
                    0.08425603187348583,
                    -0.48434989889466346,
                    -2.5139792362843894
                ],
                [
                    0.4390045624963269,
                    0.31019098709292076,
                    0.843241688742752,
                    2.5663221775241487
                ],
                [
                    0.0,
                    0.0,
                    0.0,
                    1.0
                ]
            ],
            "colmap_im_id": 13
        },
        {
            "file_path": "images/frame_00014.png",
            "transform_matrix": [
                [
                    0.25628056498913365,
                    -0.9431131564218218,
                    0.21179670958945218,
                    1.9562330661666447
                ],
                [
                    0.8412090986386871,
                    0.10968564304910008,
                    -0.5294679518879237,
                    -2.6804966246211817
                ],
                [
                    0.4761171330422144,
                    0.3138576650218594,
                    0.8214656667997077,
                    2.4291473016758913
                ],
                [
                    0.0,
                    0.0,
                    0.0,
                    1.0
                ]
            ],
            "colmap_im_id": 14
        },
        {
            "file_path": "images/frame_00015.png",
            "transform_matrix": [
                [
                    0.30492099350509266,
                    -0.9385014155997033,
                    0.16198234668389003,
                    1.870932445858137
                ],
                [
                    0.7758708513598773,
                    0.14615432465880349,
                    -0.6137290406959968,
                    -2.8635035639162236
                ],
                [
                    0.5523111530016087,
                    0.3128162500588513,
                    0.7727214142038201,
                    2.3161567180464524
                ],
                [
                    0.0,
                    0.0,
                    0.0,
                    1.0
                ]
            ],
            "colmap_im_id": 15
        },
        {
            "file_path": "images/frame_00016.png",
            "transform_matrix": [
                [
                    0.34281126590476385,
                    -0.9295789273752836,
                    0.13551182143484866,
                    1.7556299720330397
                ],
                [
                    0.7290555707218555,
                    0.17229692755142828,
                    -0.6624135744048181,
                    -3.036904668917238
                ],
                [
                    0.5924174294939364,
                    0.3258784843099569,
                    0.7367800232740043,
                    2.1349689815265047
                ],
                [
                    0.0,
                    0.0,
                    0.0,
                    1.0
                ]
            ],
            "colmap_im_id": 16
        },
        {
            "file_path": "images/frame_00017.png",
            "transform_matrix": [
                [
                    0.39124784736315077,
                    -0.9145607314256329,
                    0.10248800158024311,
                    1.50764543251632
                ],
                [
                    0.6615648406893502,
                    0.2020913229359592,
                    -0.7221433782550862,
                    -3.3479450138643267
                ],
                [
                    0.639732040386735,
                    0.3503395006678595,
                    0.6841090196557997,
                    1.913349672199004
                ],
                [
                    0.0,
                    0.0,
                    0.0,
                    1.0
                ]
            ],
            "colmap_im_id": 17
        },
        {
            "file_path": "images/frame_00018.png",
            "transform_matrix": [
                [
                    0.42831887617393954,
                    -0.9009719657725765,
                    0.06922757546666254,
                    1.306929627095842
                ],
                [
                    0.6004475392155514,
                    0.2265239786608322,
                    -0.7669091469930812,
                    -3.6669207572804887
                ],
                [
                    0.6752819359075751,
                    0.37004919130240765,
                    0.6380108957167988,
                    1.7099378961650809
                ],
                [
                    0.0,
                    0.0,
                    0.0,
                    1.0
                ]
            ],
            "colmap_im_id": 18
        },
        {
            "file_path": "images/frame_00019.png",
            "transform_matrix": [
                [
                    0.4545871519712866,
                    -0.8896902355731191,
                    0.042447685313596335,
                    1.1775029952510092
                ],
                [
                    0.5494244123998803,
                    0.24258111100564722,
                    -0.7995543881702557,
                    -3.807246182239868
                ],
                [
                    0.701058725301726,
                    0.38678894672561887,
                    0.5990917912717598,
                    1.5734449020943102
                ],
                [
                    0.0,
                    0.0,
                    0.0,
                    1.0
                ]
            ],
            "colmap_im_id": 19
        },
        {
            "file_path": "images/frame_00020.png",
            "transform_matrix": [
                [
                    0.4766660292226563,
                    -0.8788799202306481,
                    0.018962658054067594,
                    1.0710318848526186
                ],
                [
                    0.5036715570537813,
                    0.25536300362905145,
                    -0.8252906754547568,
                    -3.9169504035980998
                ],
                [
                    0.7204890416932969,
                    0.40293898073147344,
                    0.5643896868361044,
                    1.3752749787034944
                ],
                [
                    0.0,
                    0.0,
                    0.0,
                    1.0
                ]
            ],
            "colmap_im_id": 20
        },
        {
            "file_path": "images/frame_00021.png",
            "transform_matrix": [
                [
                    0.49668125248847117,
                    -0.8678310405796088,
                    -0.0133048274320669,
                    0.8204745496946847
                ],
                [
                    0.44749115549060453,
                    0.2691848936005073,
                    -0.8528136718034997,
                    -4.012639416733404
                ],
                [
                    0.743679634778422,
                    0.41762277004947546,
                    0.5220458052240586,
                    1.051047266275447
                ],
                [
                    0.0,
                    0.0,
                    0.0,
                    1.0
                ]
            ],
            "colmap_im_id": 21
        },
        {
            "file_path": "images/frame_00022.png",
            "transform_matrix": [
                [
                    0.510722685883779,
                    -0.8585562975042493,
                    -0.045204227008697334,
                    0.5233972722011321
                ],
                [
                    0.3932631968878887,
                    0.28004631033705596,
                    -0.8757386151358858,
                    -4.055503162502058
                ],
                [
                    0.7645301799779891,
                    0.42948241882805455,
                    0.48066459805193396,
                    0.7178044656258994
                ],
                [
                    0.0,
                    0.0,
                    0.0,
                    1.0
                ]
            ],
            "colmap_im_id": 22
        },
        {
            "file_path": "images/frame_00023.png",
            "transform_matrix": [
                [
                    0.521573793160303,
                    -0.8520769108433789,
                    -0.04388298412799432,
                    0.36457693577972466
                ],
                [
                    0.370188218742364,
                    0.27234006360836727,
                    -0.8881393879668584,
                    -4.087114432310843
                ],
                [
                    0.7687141607858731,
                    0.4469852657095026,
                    0.4574742738623409,
                    0.5438946821136373
                ],
                [
                    0.0,
                    0.0,
                    0.0,
                    1.0
                ]
            ],
            "colmap_im_id": 23
        },
        {
            "file_path": "images/frame_00024.png",
            "transform_matrix": [
                [
                    0.5292866887375726,
                    -0.8429033319766297,
                    -0.0967965602070223,
                    0.2437913459563381
                ],
                [
                    0.2986474881907851,
                    0.29187560769399284,
                    -0.9086354095183594,
                    -4.12464255417101
                ],
                [
                    0.7941443690680873,
                    0.4520205776023455,
                    0.4062168368020842,
                    0.3601119703737132
                ],
                [
                    0.0,
                    0.0,
                    0.0,
                    1.0
                ]
            ],
            "colmap_im_id": 24
        },
        {
            "file_path": "images/frame_00025.png",
            "transform_matrix": [
                [
                    0.533522257755844,
                    -0.8326926581057673,
                    -0.14824620607576527,
                    0.06457875681704227
                ],
                [
                    0.21277597215709207,
                    0.30178051159307906,
                    -0.929330354876684,
                    -4.1791005683657065
                ],
                [
                    0.8185843793719196,
                    0.4642751985184768,
                    0.338183609728381,
                    0.07688597907917553
                ],
                [
                    0.0,
                    0.0,
                    0.0,
                    1.0
                ]
            ],
            "colmap_im_id": 25
        },
        {
            "file_path": "images/frame_00026.png",
            "transform_matrix": [
                [
                    0.5353124288151976,
                    -0.8232027040542471,
                    -0.18915049985064708,
                    -0.1513316869549988
                ],
                [
                    0.1429297799349768,
                    0.30899234532069203,
                    -0.9402631591958484,
                    -4.28492802910506
                ],
                [
                    0.8324732317400442,
                    0.4762993161563365,
                    0.28306762419127524,
                    -0.13572671869126812
                ],
                [
                    0.0,
                    0.0,
                    0.0,
                    1.0
                ]
            ],
            "colmap_im_id": 26
        },
        {
            "file_path": "images/frame_00027.png",
            "transform_matrix": [
                [
                    0.5377708032594681,
                    -0.8149851429289371,
                    -0.21587445417827136,
                    -0.2718484584487318
                ],
                [
                    0.09410504493089382,
                    0.31247554379874515,
                    -0.9452530217070099,
                    -4.353039167006773
                ],
                [
                    0.8378226564615097,
                    0.4880146015569397,
                    0.24473443768092878,
                    -0.2866884851564576
                ],
                [
                    0.0,
                    0.0,
                    0.0,
                    1.0
                ]
            ],
            "colmap_im_id": 27
        },
        {
            "file_path": "images/frame_00028.png",
            "transform_matrix": [
                [
                    0.5382308856057794,
                    -0.804277357321244,
                    -0.2518837951920985,
                    -0.4160516119149057
                ],
                [
                    0.03268047151893968,
                    0.31855823505619085,
                    -0.9473397688576071,
                    -4.437262666131676
                ],
                [
                    0.8421635830177638,
                    0.5016558415669463,
                    0.1977420442405727,
                    -0.4630154856170216
                ],
                [
                    0.0,
                    0.0,
                    0.0,
                    1.0
                ]
            ],
            "colmap_im_id": 28
        },
        {
            "file_path": "images/frame_00029.png",
            "transform_matrix": [
                [
                    0.5349946895035523,
                    -0.7933527488508577,
                    -0.29046875579618814,
                    -0.5084800876216914
                ],
                [
                    -0.03186755200968702,
                    0.3246145805409696,
                    -0.9453093849259725,
                    -4.486025773585011
                ],
                [
                    0.8442541923685706,
                    0.5149920290557889,
                    0.1483848667388091,
                    -0.6788800661183693
                ],
                [
                    0.0,
                    0.0,
                    0.0,
                    1.0
                ]
            ],
            "colmap_im_id": 29
        },
        {
            "file_path": "images/frame_00030.png",
            "transform_matrix": [
                [
                    0.5246809419848253,
                    -0.7829086819258878,
                    -0.33431108997905684,
                    -0.6470125131787675
                ],
                [
                    -0.1019233169850529,
                    0.33211046595155813,
                    -0.9377175885415624,
                    -4.433142686759108
                ],
                [
                    0.8451754531295147,
                    0.52607664286728,
                    0.09445538236020065,
                    -0.9259815076945246
                ],
                [
                    0.0,
                    0.0,
                    0.0,
                    1.0
                ]
            ],
            "colmap_im_id": 30
        },
        {
            "file_path": "images/frame_00031.png",
            "transform_matrix": [
                [
                    0.5146310280385097,
                    -0.7711152031518071,
                    -0.3748816459206477,
                    -0.8576234119249305
                ],
                [
                    -0.16479688163216172,
                    0.3401147379048735,
                    -0.9258314926941156,
                    -4.350859154308365
                ],
                [
                    0.8414255123208125,
                    0.5382409391044556,
                    0.04795621636046459,
                    -1.1835102390755377
                ],
                [
                    0.0,
                    0.0,
                    0.0,
                    1.0
                ]
            ],
            "colmap_im_id": 31
        },
        {
            "file_path": "images/frame_00032.png",
            "transform_matrix": [
                [
                    0.5039829716660039,
                    -0.7570462272887052,
                    -0.4157910220515135,
                    -1.0449430449566555
                ],
                [
                    -0.2318905018339005,
                    0.34512544925530625,
                    -0.9094587508158601,
                    -4.234771037676076
                ],
                [
                    0.8320023794616969,
                    0.5547697126053848,
                    -0.0016144800441851076,
                    -1.44440262079615
                ],
                [
                    0.0,
                    0.0,
                    0.0,
                    1.0
                ]
            ],
            "colmap_im_id": 32
        },
        {
            "file_path": "images/frame_00033.png",
            "transform_matrix": [
                [
                    0.49619630082441885,
                    -0.7437988943675077,
                    -0.44783081156373744,
                    -1.1538585364790936
                ],
                [
                    -0.2900561871583666,
                    0.34415490951757094,
                    -0.8929864537304598,
                    -4.189948689582424
                ],
                [
                    0.8183255094027762,
                    0.572992672721585,
                    -0.044975078299666585,
                    -1.6109351718515328
                ],
                [
                    0.0,
                    0.0,
                    0.0,
                    1.0
                ]
            ],
            "colmap_im_id": 33
        },
        {
            "file_path": "images/frame_00034.png",
            "transform_matrix": [
                [
                    0.4757686190292855,
                    -0.7292212133383318,
                    -0.4918136264524783,
                    -1.2555759374291504
                ],
                [
                    -0.3668077351038916,
                    0.34371424325485866,
                    -0.8644724428526874,
                    -4.135220939978801
                ],
                [
                    0.7994349921131298,
                    0.5916899027371609,
                    -0.10395553080028509,
                    -1.7932025721323013
                ],
                [
                    0.0,
                    0.0,
                    0.0,
                    1.0
                ]
            ],
            "colmap_im_id": 34
        },
        {
            "file_path": "images/frame_00035.png",
            "transform_matrix": [
                [
                    0.4505166203591485,
                    -0.7149527734538533,
                    -0.534674954070989,
                    -1.4742588635692475
                ],
                [
                    -0.4480267610450145,
                    0.3369642930881919,
                    -0.8280864004263617,
                    -4.069711112601081
                ],
                [
                    0.7722090365747377,
                    0.6126153743697741,
                    -0.16850996088687803,
                    -2.011032100653832
                ],
                [
                    0.0,
                    0.0,
                    0.0,
                    1.0
                ]
            ],
            "colmap_im_id": 35
        },
        {
            "file_path": "images/frame_00036.png",
            "transform_matrix": [
                [
                    0.4253441269078832,
                    -0.6985160944677327,
                    -0.5754629783700393,
                    -1.721391921657445
                ],
                [
                    -0.5259472350465274,
                    0.3266777953930055,
                    -0.7852777368193233,
                    -4.025051394883017
                ],
                [
                    0.7365201148997111,
                    0.6366764356929754,
                    -0.2284321268591728,
                    -2.2735600540037897
                ],
                [
                    0.0,
                    0.0,
                    0.0,
                    1.0
                ]
            ],
            "colmap_im_id": 36
        },
        {
            "file_path": "images/frame_00037.png",
            "transform_matrix": [
                [
                    0.40472518271479796,
                    -0.6865649852384006,
                    -0.6040083174270602,
                    -1.867072858814375
                ],
                [
                    -0.5832104761942649,
                    0.3149457059516926,
                    -0.7487821731050015,
                    -3.9897288489649783
                ],
                [
                    0.7043174475573721,
                    0.6553149802554379,
                    -0.2729454335926561,
                    -2.4322499461257303
                ],
                [
                    0.0,
                    0.0,
                    0.0,
                    1.0
                ]
            ],
            "colmap_im_id": 37
        },
        {
            "file_path": "images/frame_00038.png",
            "transform_matrix": [
                [
                    0.3844945634735228,
                    -0.6762617873650937,
                    -0.6283581189171297,
                    -1.9404030799702618
                ],
                [
                    -0.6327459197913846,
                    0.30255922645537237,
                    -0.712804682556225,
                    -3.9190043173866767
                ],
                [
                    0.6721581150642009,
                    0.6716605611739425,
                    -0.31156950896524693,
                    -2.5331456017148386
                ],
                [
                    0.0,
                    0.0,
                    0.0,
                    1.0
                ]
            ],
            "colmap_im_id": 38
        },
        {
            "file_path": "images/frame_00039.png",
            "transform_matrix": [
                [
                    0.34859784531920457,
                    -0.6619896375313444,
                    -0.6635128198007384,
                    -1.9823150662792894
                ],
                [
                    -0.7007315549090137,
                    0.28606561802511093,
                    -0.6535608235954068,
                    -3.6848358818778775
                ],
                [
                    0.6224586975804925,
                    0.6927742648114394,
                    -0.364155169977533,
                    -2.7266667146864205
                ],
                [
                    0.0,
                    0.0,
                    0.0,
                    1.0
                ]
            ],
            "colmap_im_id": 39
        },
        {
            "file_path": "images/frame_00040.png",
            "transform_matrix": [
                [
                    0.3089367437379403,
                    -0.6519600213195182,
                    -0.6924638755701639,
                    -2.032706761987602
                ],
                [
                    -0.7521556732809813,
                    0.27812039523126025,
                    -0.5974201945930862,
                    -3.419160068824024
                ],
                [
                    0.5820824095605633,
                    0.7054056821131092,
                    -0.40445381951801074,
                    -2.811088500162196
                ],
                [
                    0.0,
                    0.0,
                    0.0,
                    1.0
                ]
            ],
            "colmap_im_id": 40
        },
        {
            "file_path": "images/frame_00041.png",
            "transform_matrix": [
                [
                    0.2792526799820661,
                    -0.6421058466372012,
                    -0.7139453917752792,
                    -2.116740999886423
                ],
                [
                    -0.7964211771180548,
                    0.2604704075745374,
                    -0.5457732820648563,
                    -2.9750028349116584
                ],
                [
                    0.5364058625338883,
                    0.7210098809948982,
                    -0.438649634841974,
                    -2.8930169874488776
                ],
                [
                    0.0,
                    0.0,
                    0.0,
                    1.0
                ]
            ],
            "colmap_im_id": 41
        },
        {
            "file_path": "images/frame_00042.png",
            "transform_matrix": [
                [
                    0.2508062461459992,
                    -0.6360606274499092,
                    -0.7297418071497479,
                    -2.1645554470640014
                ],
                [
                    -0.832924302903131,
                    0.24234261990862035,
                    -0.49750091478223274,
                    -2.7124458343512643
                ],
                [
                    0.4932882854148119,
                    0.7325960229102078,
                    -0.4690093119423759,
                    -2.9487774952113517
                ],
                [
                    0.0,
                    0.0,
                    0.0,
                    1.0
                ]
            ],
            "colmap_im_id": 42
        },
        {
            "file_path": "images/frame_00043.png",
            "transform_matrix": [
                [
                    0.213868533767878,
                    -0.6276222257378787,
                    -0.7485656898521392,
                    -2.217135183558749
                ],
                [
                    -0.8685322681231609,
                    0.22856777741013337,
                    -0.43978229882366693,
                    -2.498109034733105
                ],
                [
                    0.4471151412028175,
                    0.7442090518729417,
                    -0.49622669982333845,
                    -3.035771752757023
                ],
                [
                    0.0,
                    0.0,
                    0.0,
                    1.0
                ]
            ],
            "colmap_im_id": 43
        },
        {
            "file_path": "images/frame_00044.png",
            "transform_matrix": [
                [
                    0.17544365809318213,
                    -0.6260849274226413,
                    -0.7597612694057708,
                    -2.2623080193103573
                ],
                [
                    -0.8998885117229007,
                    0.21100198175440585,
                    -0.3816789621722105,
                    -2.2316729155120156
                ],
                [
                    0.3992745788351982,
                    0.7506635913309632,
                    -0.5263876740065973,
                    -3.1379959618740783
                ],
                [
                    0.0,
                    0.0,
                    0.0,
                    1.0
                ]
            ],
            "colmap_im_id": 44
        },
        {
            "file_path": "images/frame_00045.png",
            "transform_matrix": [
                [
                    0.1374886811337225,
                    -0.6209146444015934,
                    -0.7717265493215537,
                    -2.3858727944729172
                ],
                [
                    -0.9269368258680702,
                    0.19396043999717671,
                    -0.3211969311275068,
                    -1.976314712516213
                ],
                [
                    0.3491202993378304,
                    0.7595027005111598,
                    -0.5488812845292862,
                    -3.2138270331269307
                ],
                [
                    0.0,
                    0.0,
                    0.0,
                    1.0
                ]
            ],
            "colmap_im_id": 45
        },
