{
    "w": 3840,
    "h": 2160,
    "fl_x": 1677.0753745709426,
    "fl_y": 1674.8640837557186,
    "cx": 1920.0,
    "cy": 1080.0,
    "k1": -0.0018817999166256605,
    "k2": 0.0006594711204613915,
    "p1": -0.0006106632470299193,
    "p2": -0.0002577435672891731,
    "camera_model": "OPENCV",
    "frames": [
        {
            "file_path": "images/frame_00001.png",
            "transform_matrix": [
                [
                    0.0017026458142629704,
                    -0.9570686012036818,
                    0.2898565051663659,
                    2.319909155507887
                ],
                [
                    0.9993468706346534,
                    -0.00883424939505732,
                    -0.03503980865175144,
                    0.8330922390843795
                ],
                [
                    0.03609616530819582,
                    0.2897268517546385,
                    0.9564284699978295,
                    1.7648504820683255
                ],
                [
                    0.0,
                    0.0,
                    0.0,
                    1.0
                ]
            ],
            "colmap_im_id": 1
        },
        {
            "file_path": "images/frame_00002.png",
            "transform_matrix": [
                [
                    0.008938470887054883,
                    -0.9547585773860773,
                    0.29724764531601455,
                    2.3524437498226822
                ],
                [
                    0.9990348401045731,
                    -0.004257844343895154,
                    -0.043717948473978474,
                    0.8449639646265209
                ],
                [
                    0.04300572049659845,
                    0.2973515254194217,
                    0.9537990240796599,
                    1.797131165606876
                ],
                [
                    0.0,
                    0.0,
                    0.0,
                    1.0
                ]
            ],
            "colmap_im_id": 2
        },
        {
            "file_path": "images/frame_00003.png",
            "transform_matrix": [
                [
                    0.019248579445844984,
                    -0.9555152020171174,
                    0.2943130831334285,
                    2.340938280723719
                ],
                [
                    0.9982176166809321,
                    0.001734524133799273,
                    -0.059653844585817004,
                    0.8013073717054046
                ],
                [
                    0.05648966221492686,
                    0.2949367561702282,
                    0.9538454947855166,
                    1.7907798912776214
                ],
                [
                    0.0,
                    0.0,
                    0.0,
                    1.0
                ]
            ],
            "colmap_im_id": 3
        },
        {
            "file_path": "images/frame_00004.png",
            "transform_matrix": [
                [
                    0.03593112302447972,
                    -0.957881050695115,
                    0.28490848902309374,
                    2.3446210078520986
                ],
                [
                    0.9960463646774368,
                    0.011148944185735728,
                    -0.08813251645338559,
                    0.6065600320164761
                ],
                [
                    0.08124403861861271,
                    0.28694876504833744,
                    0.9544945324234033,
                    1.7423615318895962
                ],
                [
                    0.0,
                    0.0,
                    0.0,
                    1.0
                ]
            ],
            "colmap_im_id": 4
        },
        {
            "file_path": "images/frame_00005.png",
            "transform_matrix": [
                [
                    0.05449527676114805,
                    -0.9629582758089571,
                    0.26408639469265754,
                    2.3449402100345234
                ],
                [
                    0.9922307906174401,
                    0.02260050842078258,
                    -0.12234081563326298,
                    0.2068524354511901
                ],
                [
                    0.11184061409620293,
                    0.2687016488043241,
                    0.9567084722988619,
                    1.620276000290979
                ],
                [
                    0.0,
                    0.0,
                    0.0,
                    1.0
                ]
            ],
            "colmap_im_id": 5
        },
        {
            "file_path": "images/frame_00006.png",
            "transform_matrix": [
                [
                    0.07102191410881663,
                    -0.9666240828632965,
                    0.24615801864861306,
                    2.2577514326408203
                ],
                [
                    0.986176300088001,
                    0.0310072949713516,
                    -0.16277239570424973,
                    -0.09032164393126318
                ],
                [
                    0.14970702341928097,
                    0.2543156111748759,
                    0.955463959054285,
                    1.554078947370461
                ],
                [
                    0.0,
                    0.0,
                    0.0,
                    1.0
                ]
            ],
            "colmap_im_id": 6
        },
        {
            "file_path": "images/frame_00007.png",
            "transform_matrix": [
                [
                    0.09046027979493787,
                    -0.9698256193902469,
                    0.22639612574809145,
                    2.1487554364496226
                ],
                [
                    0.9776504548970294,
                    0.04315761423544929,
                    -0.20575958877567638,
                    -0.3795380927685828
                ],
                [
                    0.18978020397041645,
                    0.2399493452956857,
                    0.952054507826689,
                    1.4803299166791375
                ],
                [
                    0.0,
                    0.0,
                    0.0,
                    1.0
                ]
            ],
            "colmap_im_id": 7
        },
        {
            "file_path": "images/frame_00008.png",
            "transform_matrix": [
                [
                    0.11395885306313805,
                    -0.9712002072705085,
                    0.2092451605324612,
                    2.0830378220273285
                ],
                [
                    0.9634867873096753,
                    0.056672744569509895,
                    -0.26168953112923665,
                    -0.6078312583068342
                ],
                [
                    0.24229442933797457,
                    0.2314267863076365,
                    0.9421969285086343,
                    1.376668001241769
                ],
                [
                    0.0,
                    0.0,
                    0.0,
                    1.0
                ]
            ],
            "colmap_im_id": 8
        },
        {
            "file_path": "images/frame_00009.png",
            "transform_matrix": [
                [
                    0.14881072019903438,
                    -0.9707847123561747,
                    0.18823499092725585,
                    2.055370788772034
                ],
                [
                    0.9367083948188651,
                    0.07737961931183282,
                    -0.3414524528994055,
                    -0.8432111086015539
                ],
                [
                    0.31691126933214225,
                    0.22713308162990087,
                    0.920857106504367,
                    1.2802096348953038
                ],
                [
                    0.0,
                    0.0,
                    0.0,
                    1.0
                ]
            ],
            "colmap_im_id": 9
        },
        {
            "file_path": "images/frame_00010.png",
            "transform_matrix": [
                [
                    0.18200680886327608,
                    -0.9678772315481128,
                    0.17345658297732028,
                    1.9847540837207376
                ],
                [
                    0.9039234484563221,
                    0.09525718187175651,
                    -0.41695139840595596,
                    -1.0560891659938225
                ],
                [
                    0.3870347799077467,
                    0.23267946611725804,
                    0.8922243805171151,
                    1.176248429269096
                ],
                [
                    0.0,
                    0.0,
                    0.0,
                    1.0
                ]
            ],
            "colmap_im_id": 10
        },
        {
            "file_path": "images/frame_00011.png",
            "transform_matrix": [
                [
                    0.22879095209463468,
                    -0.9611504719690184,
                    0.1544165485735386,
                    1.8659154215746816
                ],
                [
                    0.8563971711335655,
                    0.12330524476264332,
                    -0.5013778035458402,
                    -1.4345791175812845
                ],
                [
                    0.46285914219561114,
                    0.24695260040695674,
                    0.8513376695754657,
                    1.1012962091478913
                ],
                [
                    0.0,
                    0.0,
                    0.0,
                    1.0
                ]
            ],
            "colmap_im_id": 11
        },
        {
            "file_path": "images/frame_00012.png",
            "transform_matrix": [
                [
                    0.26283169844955795,
                    -0.9550144094448596,
                    0.13735711136598233,
                    1.7759321269873942
                ],
                [
                    0.8202990569302709,
                    0.14623068906880884,
                    -0.5529249883788663,
                    -1.8089714495844367
                ],
                [
                    0.5079655062004002,
                    0.2580001227270011,
                    0.821831479795842,
                    1.0541803072472282
                ],
                [
                    0.0,
                    0.0,
                    0.0,
                    1.0
                ]
            ],
            "colmap_im_id": 12
        },
        {
            "file_path": "images/frame_00013.png",
            "transform_matrix": [
                [
                    0.2953336068636215,
                    -0.9471451325777351,
                    0.12527632853507595,
                    1.7133035714346696
                ],
                [
                    0.7816927144965586,
                    0.1641618070426283,
                    -0.601670508843088,
                    -2.11387139434689
                ],
                [
                    0.5493037053943159,
                    0.27562111483484586,
                    0.7888589482900421,
                    1.0073776565918824
                ],
                [
                    0.0,
                    0.0,
                    0.0,
                    1.0
                ]
            ],
            "colmap_im_id": 13
        },
        {
            "file_path": "images/frame_00014.png",
            "transform_matrix": [
                [
                    0.33084776401442545,
                    -0.9397557103668246,
                    0.08601721850652902,
                    1.6375321523605522
                ],
                [
                    0.7260675053288425,
                    0.19526924970487167,
                    -0.6593147183441669,
                    -2.3642460809939205
                ],
                [
                    0.6027982537733555,
                    0.28058710760232974,
                    0.7469304788902056,
                    0.9016542786075702
                ],
                [
                    0.0,
                    0.0,
                    0.0,
                    1.0
                ]
            ],
            "colmap_im_id": 14
        },
        {
            "file_path": "images/frame_00015.png",
            "transform_matrix": [
                [
                    0.35580463349121333,
                    -0.9329715878015485,
                    0.05447090178472084,
                    1.5822119271196748
                ],
                [
                    0.6827422057138782,
                    0.21969031149814525,
                    -0.6968495157283215,
                    -2.568217799463396
                ],
                [
                    0.6381740697671219,
                    0.2851318701739693,
                    0.7151459104881767,
                    0.7268429285875707
                ],
                [
                    0.0,
                    0.0,
                    0.0,
                    1.0
                ]
            ],
            "colmap_im_id": 15
        },
        {
            "file_path": "images/frame_00016.png",
            "transform_matrix": [
                [
                    0.3842835619162266,
                    -0.9230939950290311,
                    0.014953942032810535,
                    1.391642983165125
                ],
                [
                    0.6284356699516265,
                    0.24968305384133133,
                    -0.7367000620041491,
                    -2.814741401695232
                ],
                [
                    0.6763096574598265,
                    0.2924993144706665,
                    0.6760542864746605,
                    0.5061522178858666
                ],
                [
                    0.0,
                    0.0,
                    0.0,
                    1.0
                ]
            ],
            "colmap_im_id": 16
        },
        {
            "file_path": "images/frame_00017.png",
            "transform_matrix": [
                [
                    0.40587754379935714,
                    -0.9138317643575619,
                    -0.013225955184642665,
                    1.2151156936492375
                ],
                [
                    0.5867741409665539,
                    0.27165559700431674,
                    -0.7628232718717954,
                    -2.9658435784800155
                ],
                [
                    0.7006850411792475,
                    0.3018521874483827,
                    0.6464717549903188,
                    0.3318750579636185
                ],
                [
                    0.0,
                    0.0,
                    0.0,
                    1.0
                ]
            ],
            "colmap_im_id": 17
        },
        {
            "file_path": "images/frame_00018.png",
            "transform_matrix": [
                [
                    0.4307770561056009,
                    -0.9013247779449849,
                    -0.045219161816816726,
                    1.0698347037829925
                ],
                [
                    0.5309838026622155,
                    0.293655651832925,
                    -0.7948726687067263,
                    -3.0755076547791713
                ],
                [
                    0.7297172940552836,
                    0.3184022657095949,
                    0.6050889752322638,
                    0.19297015392742525
                ],
                [
                    0.0,
                    0.0,
                    0.0,
                    1.0
                ]
            ],
            "colmap_im_id": 18
        },
        {
            "file_path": "images/frame_00019.png",
            "transform_matrix": [
                [
                    0.4504739114705143,
                    -0.8890882501506663,
                    -0.08121168960489382,
                    0.9649720580355898
                ],
                [
                    0.4637798510648538,
                    0.31076629291084135,
                    -0.8296580988194566,
                    -3.157651532036395
                ],
                [
                    0.7628771230222579,
                    0.3360749836487084,
                    0.5523333237591257,
                    0.05914281979706864
                ],
                [
                    0.0,
                    0.0,
                    0.0,
                    1.0
                ]
            ],
            "colmap_im_id": 19
        },
        {
            "file_path": "images/frame_00020.png",
            "transform_matrix": [
                [
                    0.464418735017896,
                    -0.8780319710323693,
                    -0.11565075187559339,
                    0.8571731246473365
                ],
                [
                    0.3884256963229134,
                    0.31930446449087035,
                    -0.8643900377678227,
                    -3.2120432038878834
                ],
                [
                    0.7958898899976286,
                    0.35651720407465787,
                    0.4893411552264448,
                    -0.12072655263338919
                ],
                [
                    0.0,
                    0.0,
                    0.0,
                    1.0
                ]
            ],
            "colmap_im_id": 20
        },
        {
            "file_path": "images/frame_00021.png",
            "transform_matrix": [
                [
                    0.4753781408340268,
                    -0.8675543866068932,
                    -0.14616774437721,
                    0.6832107344670231
                ],
                [
                    0.30421544270257717,
                    0.3179865162329307,
                    -0.8979629947360408,
                    -3.299170178975056
                ],
                [
                    0.8255111069140493,
                    0.382405493910824,
                    0.4150872806872785,
                    -0.35562829469171164
                ],
                [
                    0.0,
                    0.0,
                    0.0,
                    1.0
                ]
            ],
            "colmap_im_id": 21
        },
        {
            "file_path": "images/frame_00022.png",
            "transform_matrix": [
                [
                    0.48150368748481204,
                    -0.8590379255201934,
                    -0.17380460712101742,
                    0.5415669724327137
                ],
                [
                    0.23637356935978024,
                    0.31823907737588375,
                    -0.9180694011560692,
                    -3.4025236504220007
                ],
                [
                    0.8439678516665464,
                    0.4009709866672513,
                    0.35628714992888155,
                    -0.5270949370998539
                ],
                [
                    0.0,
                    0.0,
                    0.0,
                    1.0
                ]
            ],
            "colmap_im_id": 22
        },
        {
            "file_path": "images/frame_00023.png",
            "transform_matrix": [
                [
                    0.4868056252939243,
                    -0.8481769342443828,
                    -0.20884485006336925,
                    0.3635340569800476
                ],
                [
                    0.16104456725900315,
                    0.32213533578385917,
                    -0.9328952099757939,
                    -3.511037047746033
                ],
                [
                    0.8585365050704316,
                    0.4205053075232466,
                    0.2934115808999845,
                    -0.7117866783799808
                ],
                [
                    0.0,
                    0.0,
                    0.0,
                    1.0
                ]
            ],
            "colmap_im_id": 23
        },
        {
            "file_path": "images/frame_00024.png",
            "transform_matrix": [
                [
                    0.487639470978134,
                    -0.8352300390279551,
                    -0.2541624052638911,
                    0.20944773680097897
                ],
                [
                    0.07292537191549377,
                    0.3290725362292084,
                    -0.9414845490132396,
                    -3.5195084742445024
                ],
                [
                    0.8699940439308493,
                    0.4405701394840975,
                    0.22137821871135,
                    -0.8713458922830445
                ],
                [
                    0.0,
                    0.0,
                    0.0,
                    1.0
                ]
            ],
            "colmap_im_id": 24
        },
        {
            "file_path": "images/frame_00025.png",
            "transform_matrix": [
                [
                    0.4896252468320979,
                    -0.8241418424961084,
                    -0.2847057096577565,
                    0.1099780272825466
                ],
                [
                    0.012195174294066477,
                    0.33296326283762373,
                    -0.9428609353051279,
                    -3.49370743346198
                ],
                [
                    0.8718476904761201,
                    0.4581764824253238,
                    0.17307777316516537,
                    -1.067545453294433
                ],
                [
                    0.0,
                    0.0,
                    0.0,
                    1.0
                ]
            ],
            "colmap_im_id": 25
        },
        {
            "file_path": "images/frame_00026.png",
            "transform_matrix": [
                [
                    0.49242543117281046,
                    -0.8118512193198637,
                    -0.31371132020238346,
                    -0.02149320183824135
                ],
                [
                    -0.043470792011404844,
                    0.3370494290138542,
                    -0.9404828401642084,
                    -3.3680850301924172
                ],
                [
                    0.8692683618861166,
                    0.4767549476306308,
                    0.1306798949094376,
                    -1.36993941417281
                ],
                [
                    0.0,
                    0.0,
                    0.0,
                    1.0
                ]
            ],
            "colmap_im_id": 26
        },
        {
            "file_path": "images/frame_00027.png",
            "transform_matrix": [
                [
                    0.4957153129274651,
                    -0.7983448818839755,
                    -0.34192364366753963,
                    -0.2478192884240469
                ],
                [
                    -0.09009672426504527,
                    0.3443046457997845,
                    -0.9345249548071967,
                    -3.164344592000603
                ],
                [
                    0.8637991136867026,
                    0.4940645306539888,
                    0.09874882654350967,
                    -1.6312860058456342
                ],
                [
                    0.0,
                    0.0,
                    0.0,
                    1.0
                ]
            ],
            "colmap_im_id": 27
        },
        {
            "file_path": "images/frame_00028.png",
            "transform_matrix": [
                [
                    0.50159706241832,
                    -0.7860663450194302,
                    -0.3612479594421345,
                    -0.42093548240716777
                ],
                [
                    -0.13557063545360198,
                    0.3409951166032509,
                    -0.9302381056780257,
                    -2.926948787264908
                ],
                [
                    0.8544126577807811,
                    0.5155793165755678,
                    0.06447463488420863,
                    -1.8647209158608977
                ],
                [
                    0.0,
                    0.0,
                    0.0,
                    1.0
                ]
            ],
            "colmap_im_id": 28
        },
        {
            "file_path": "images/frame_00029.png",
            "transform_matrix": [
                [
                    0.500816916778899,
                    -0.7756579351601406,
                    -0.3841056931251924,
                    -0.47670254124439
                ],
                [
                    -0.1727742795277152,
                    0.34525208439947924,
                    -0.9224695369233031,
                    -2.839982880590257
                ],
                [
                    0.8481341074392396,
                    0.5283519336965864,
                    0.03889434351318701,
                    -1.9553033575583412
                ],
                [
                    0.0,
                    0.0,
                    0.0,
                    1.0
                ]
            ],
            "colmap_im_id": 29
        },
        {
            "file_path": "images/frame_00030.png",
            "transform_matrix": [
                [
                    0.4923695557203689,
                    -0.7574723089578376,
                    -0.4287282609786863,
                    -0.5383695552244188
                ],
                [
                    -0.24828216739936096,
                    0.349876372899826,
                    -0.9032953498374364,
                    -2.7414845467453843
                ],
                [
                    0.8342231032231134,
                    0.5512007119448812,
                    -0.015798392331308694,
                    -2.069073167467573
                ],
                [
                    0.0,
                    0.0,
                    0.0,
                    1.0
                ]
            ],
            "colmap_im_id": 30
        },
        {
            "file_path": "images/frame_00031.png",
            "transform_matrix": [
                [
                    0.48132848505493053,
                    -0.7477336479957901,
                    -0.4574027559270205,
                    -0.5925546399979261
                ],
                [
                    -0.30856413884520006,
                    0.3438848395651782,
                    -0.8868660492633327,
                    -2.6846873898590182
                ],
                [
                    0.8204334596379197,
                    0.5680119794266135,
                    -0.0652022203181359,
                    -2.1789406803575595
                ],
                [
                    0.0,
                    0.0,
                    0.0,
                    1.0
                ]
            ],
            "colmap_im_id": 31
        },
        {
            "file_path": "images/frame_00032.png",
            "transform_matrix": [
                [
                    0.46158715090519703,
                    -0.7383097812019221,
                    -0.4917682066795216,
                    -0.7087665986874635
                ],
                [
                    -0.3876531657858689,
                    0.3307472903542071,
                    -0.8604250420458154,
                    -2.5950089004930623
                ],
                [
                    0.7979112263751001,
                    0.5877966458775685,
                    -0.13353942458938475,
                    -2.305503222188591
                ],
                [
                    0.0,
                    0.0,
                    0.0,
                    1.0
                ]
            ],
            "colmap_im_id": 32
        },
        {
            "file_path": "images/frame_00033.png",
            "transform_matrix": [
                [
                    0.43733660435104676,
                    -0.7289868877923428,
                    -0.5266068855622096,
                    -0.9066175356855207
                ],
                [
                    -0.4692551395465434,
                    0.31454971433189916,
                    -0.8251412553150367,
                    -2.5042177658554334
                ],
                [
                    0.7671612011199795,
                    0.6079774622801035,
                    -0.20451673979309162,
                    -2.4705615678291926
                ],
                [
                    0.0,
                    0.0,
                    0.0,
                    1.0
                ]
            ],
            "colmap_im_id": 33
        },
        {
            "file_path": "images/frame_00034.png",
            "transform_matrix": [
                [
                    0.42122102723584837,
                    -0.7234447572858552,
                    -0.5469922571389717,
                    -1.070422508759133
                ],
                [
                    -0.5217067700020463,
                    0.30006599436244563,
                    -0.7986128255677523,
                    -2.495198517997651
                ],
                [
                    0.7418860373051976,
                    0.6217620784374736,
                    -0.25103192121462226,
                    -2.6344540767178284
                ],
                [
                    0.0,
                    0.0,
                    0.0,
                    1.0
                ]
            ],
            "colmap_im_id": 34
        },
        {
            "file_path": "images/frame_00035.png",
            "transform_matrix": [
                [
                    0.3909567572363808,
                    -0.7142289847953706,
                    -0.5805426523946264,
                    -1.2682982980000799
                ],
                [
                    -0.5996864099089703,
                    0.2808252368080741,
                    -0.7493419754305635,
                    -2.454414095955966
                ],
                [
                    0.6982327862122372,
                    0.6411038477890016,
                    -0.3185228918122407,
                    -2.8296158282775625
                ],
                [
                    0.0,
                    0.0,
                    0.0,
                    1.0
                ]
            ],
            "colmap_im_id": 35
        },
        {
            "file_path": "images/frame_00036.png",
            "transform_matrix": [
                [
                    0.3690292659492978,
                    -0.7062849686298183,
                    -0.6041348723261214,
                    -1.3697866093984594
                ],
                [
                    -0.6522234430338163,
                    0.266286701214149,
                    -0.7097154169902189,
                    -2.447331382507895
                ],
                [
                    0.6621344132651892,
                    0.6559366858501383,
                    -0.36238802812165366,
                    -2.986778743672763
                ],
                [
                    0.0,
                    0.0,
                    0.0,
                    1.0
                ]
            ],
            "colmap_im_id": 36
        },
        {
            "file_path": "images/frame_00037.png",
            "transform_matrix": [
                [
                    0.3268708017925193,
                    -0.692938448262013,
                    -0.642644369660039,
                    -1.4514956778874415
                ],
                [
                    -0.7282555499598788,
                    0.2487047416027837,
                    -0.6385842195489385,
                    -2.3214046834478834
                ],
                [
                    0.602328260077634,
                    0.6767438647114034,
                    -0.42334195243009415,
                    -3.2212482662388218
                ],
                [
                    0.0,
                    0.0,
                    0.0,
                    1.0
                ]
            ],
            "colmap_im_id": 37
        },
        {
            "file_path": "images/frame_00038.png",
            "transform_matrix": [
                [
                    0.29339649585596156,
                    -0.6815030824899602,
                    -0.670426763171135,
                    -1.5478709576010439
                ],
                [
                    -0.778108165071523,
                    0.23718747262641493,
                    -0.5816268445301684,
                    -2.150987163016528
                ],
                [
                    0.5553973169438882,
                    0.6923118165868442,
                    -0.4606931396773278,
                    -3.374886545866101
                ],
                [
                    0.0,
                    0.0,
                    0.0,
                    1.0
                ]
            ],
            "colmap_im_id": 38
        },
        {
            "file_path": "images/frame_00039.png",
            "transform_matrix": [
                [
                    0.2609966346286314,
                    -0.6669822263842248,
                    -0.6978649342101031,
                    -1.7054717012843816
                ],
                [
                    -0.8242307780352703,
                    0.22235412430104629,
                    -0.5207708401453439,
                    -1.911597048336113
                ],
                [
                    0.5025180407228195,
                    0.711121194378186,
                    -0.49171360124999675,
                    -3.523610272845124
                ],
                [
                    0.0,
                    0.0,
                    0.0,
                    1.0
                ]
            ],
            "colmap_im_id": 39
        },
        {
            "file_path": "images/frame_00040.png",
            "transform_matrix": [
                [
                    0.2341196491188503,
                    -0.6555482227950942,
                    -0.7179446479267464,
                    -1.8267641271416144
                ],
                [
                    -0.8601376981921904,
                    0.2045417674506728,
                    -0.46725347031006087,
                    -1.727309352073796
                ],
                [
                    0.4531568492752884,
                    0.7269244754156708,
                    -0.5159744925832523,
                    -3.655410795604459
                ],
                [
                    0.0,
                    0.0,
                    0.0,
                    1.0
                ]
            ],
            "colmap_im_id": 40
        },
        {
            "file_path": "images/frame_00041.png",
            "transform_matrix": [
                [
                    0.19962351165249367,
                    -0.6464159189277731,
                    -0.7364081160282585,
                    -1.9217059125059968
                ],
                [
                    -0.8958268682755903,
                    0.1841271578872726,
                    -0.4044643517096439,
                    -1.6082945392739931
                ],
                [
                    0.3970449290333196,
                    0.740434770580851,
                    -0.5423206384085043,
                    -3.775495893186676
                ],
                [
                    0.0,
                    0.0,
                    0.0,
                    1.0
                ]
            ],
            "colmap_im_id": 41
        },
        {
            "file_path": "images/frame_00042.png",
            "transform_matrix": [
                [
                    0.15555781667161542,
                    -0.6419589438070661,
                    -0.7507932339455892,
                    -1.975138588807485
                ],
                [
                    -0.9286962605474002,
                    0.1639720133564238,
                    -0.33262055631171733,
                    -1.4808288653719541
                ],
                [
                    0.33663781920282765,
                    0.7490005963295069,
                    -0.5706777421456065,
                    -3.9002032905035935
                ],
                [
                    0.0,
                    0.0,
                    0.0,
                    1.0
                ]
            ],
            "colmap_im_id": 42
        },
        {
            "file_path": "images/frame_00043.png",
            "transform_matrix": [
                [
                    0.09881242285608915,
                    -0.6427481562251505,
                    -0.7596781639342275,
                    -2.077937558249621
                ],
                [
                    -0.9592560696073499,
                    0.14154187009244684,
                    -0.2445274870688196,
                    -1.256496658178499
                ],
                [
                    0.2646958594515001,
                    0.7528882431542564,
                    -0.602573974968492,
                    -4.0288228583205825
                ],
                [
                    0.0,
                    0.0,
                    0.0,
                    1.0
                ]
            ],
            "colmap_im_id": 43
        },
        {
            "file_path": "images/frame_00044.png",
            "transform_matrix": [
                [
                    0.033953456009776076,
                    -0.6489414444762656,
                    -0.7600803671099853,
                    -2.21631895507704
                ],
                [
                    -0.9833033340815843,
                    0.11435186664327066,
                    -0.14155636255301074,
                    -1.0666654872335117
                ],
                [
                    0.17877839916788596,
                    0.7521958868780508,
                    -0.6342236449035232,
                    -4.172127795465019
                ],
                [
                    0.0,
                    0.0,
                    0.0,
                    1.0
                ]
            ],
            "colmap_im_id": 44
        },
        {
            "file_path": "images/frame_00045.png",
            "transform_matrix": [
                [
                    -0.005183284290507972,
                    -0.6510632530480113,
                    -0.7590057800138975,
                    -2.349569958209813
                ],
                [
                    -0.9934573301435125,
                    0.0899470875344424,
                    -0.07037083648923918,
                    -0.9200727664603277
                ],
                [
                    0.11408622505845155,
                    0.7536751037248163,
                    -0.6472697824534214,
                    -4.320919252014175
                ],
                [
                    0.0,
                    0.0,
                    0.0,
                    1.0
                ]
            ],
            "colmap_im_id": 45
