{
    "w": 3840,
    "h": 2160,
    "fl_x": 1677.5724922534368,
    "fl_y": 1676.806392737549,
    "cx": 1920.0,
    "cy": 1080.0,
    "k1": -0.0018495402263446466,
    "k2": 0.0005617436898165623,
    "p1": -0.0002827979612092683,
    "p2": -0.000388053212384488,
    "camera_model": "OPENCV",
    "frames": [
        {
            "file_path": "images/frame_00001.png",
            "transform_matrix": [
                [
                    -0.09214251568488051,
                    -0.988512729514128,
                    0.11980125371543553,
                    2.099226784692872
                ],
                [
                    0.9951367812981001,
                    -0.0956246348852307,
                    -0.023637167992881687,
                    0.788380949299549
                ],
                [
                    0.034821592595958864,
                    0.1170406458953253,
                    0.9925164703406621,
                    2.7438489526935044
                ],
                [
                    0.0,
                    0.0,
                    0.0,
                    1.0
                ]
            ],
            "colmap_im_id": 1
        },
        {
            "file_path": "images/frame_00002.png",
            "transform_matrix": [
                [
                    -0.10412535784252759,
                    -0.986045400901429,
                    0.12989371507238512,
                    2.127177032365376
                ],
                [
                    0.9938026613404793,
                    -0.10826433169296056,
                    -0.025201285595324543,
                    0.7885978096357938
                ],
                [
                    0.038912468011500806,
                    0.12646462684963333,
                    0.9912076058974916,
                    2.785671323877501
                ],
                [
                    0.0,
                    0.0,
                    0.0,
                    1.0
                ]
            ],
            "colmap_im_id": 2
        },
        {
            "file_path": "images/frame_00003.png",
            "transform_matrix": [
                [
                    -0.1142621560931055,
                    -0.9830960354390917,
                    0.14306063326049923,
                    2.1487574678823984
                ],
                [
                    0.992816610681071,
                    -0.11814302719285281,
                    -0.018905096705906215,
                    0.7696296366285875
                ],
                [
                    0.035487141906690924,
                    0.13987283592481098,
                    0.9895333508930587,
                    2.845200342392042
                ],
                [
                    0.0,
                    0.0,
                    0.0,
                    1.0
                ]
            ],
            "colmap_im_id": 3
        },
        {
            "file_path": "images/frame_00004.png",
            "transform_matrix": [
                [
                    -0.12249309587611651,
                    -0.9796157606233852,
                    0.15921181803167583,
                    2.17786303118161
                ],
                [
                    0.9911799605947109,
                    -0.12892422227200095,
                    -0.03067296247555979,
                    0.7474680289211157
                ],
                [
                    0.0505739772823132,
                    0.15405033738952545,
                    0.9867678381321624,
                    2.8896879816080787
                ],
                [
                    0.0,
                    0.0,
                    0.0,
                    1.0
                ]
            ],
            "colmap_im_id": 4
        },
        {
            "file_path": "images/frame_00005.png",
            "transform_matrix": [
                [
                    -0.12995986770123752,
                    -0.9754274861604464,
                    0.17790911171097756,
                    2.194855457090684
                ],
                [
                    0.9889110086006069,
                    -0.1405205639159611,
                    -0.04805193217000708,
                    0.6636906499286336
                ],
                [
                    0.07187106410515658,
                    0.1696914563537379,
                    0.982873013051503,
                    2.892055353035661
                ],
                [
                    0.0,
                    0.0,
                    0.0,
                    1.0
                ]
            ],
            "colmap_im_id": 5
        },
        {
            "file_path": "images/frame_00006.png",
            "transform_matrix": [
                [
                    -0.1246600240040826,
                    -0.9729434800401652,
                    0.19452728102411213,
                    2.2066513711215645
                ],
                [
                    0.9859029177296842,
                    -0.1435175454045455,
                    -0.0860125047487274,
                    0.5258314342813774
                ],
                [
                    0.11160338358399889,
                    0.18106269303306674,
                    0.9771187164128095,
                    2.7742301027999936
                ],
                [
                    0.0,
                    0.0,
                    0.0,
                    1.0
                ]
            ],
            "colmap_im_id": 6
        },
        {
            "file_path": "images/frame_00007.png",
            "transform_matrix": [
                [
                    -0.1129081645835952,
                    -0.9721248362254628,
                    0.2054873455081384,
                    2.1557196721748833
                ],
                [
                    0.9817121096905613,
                    -0.14104762314567595,
                    -0.12785500260788624,
                    0.21630925486437189
                ],
                [
                    0.1532745251412347,
                    0.18729354179622063,
                    0.9702721521017474,
                    2.5372574128851446
                ],
                [
                    0.0,
                    0.0,
                    0.0,
                    1.0
                ]
            ],
            "colmap_im_id": 7
        },
        {
            "file_path": "images/frame_00008.png",
            "transform_matrix": [
                [
                    -0.09547340129565042,
                    -0.9738551633718251,
                    0.2061333316547223,
                    2.1067831132985573
                ],
                [
                    0.9752303859281538,
                    -0.1330156210256126,
                    -0.17672730101938114,
                    -0.001115781103860164
                ],
                [
                    0.19952574773062254,
                    0.18415473205217034,
                    0.9624326005779985,
                    2.397886911258634
                ],
                [
                    0.0,
                    0.0,
                    0.0,
                    1.0
                ]
            ],
            "colmap_im_id": 8
        },
        {
            "file_path": "images/frame_00009.png",
            "transform_matrix": [
                [
                    -0.06707248694371441,
                    -0.9756417642879671,
                    0.20886461948412394,
                    2.0582481327740476
                ],
                [
                    0.9641964559235185,
                    -0.11721078768927616,
                    -0.23787985546024198,
                    -0.2145934412144938
                ],
                [
                    0.25656670843995216,
                    0.18543133237487686,
                    0.9485719504043785,
                    2.297074370871271
                ],
                [
                    0.0,
                    0.0,
                    0.0,
                    1.0
                ]
            ],
            "colmap_im_id": 9
        },
        {
            "file_path": "images/frame_00010.png",
            "transform_matrix": [
                [
                    -0.028020740619804682,
                    -0.9775241530790189,
                    0.2089530287941875,
                    2.021311441755155
                ],
                [
                    0.9415434761437074,
                    -0.09601574175812418,
                    -0.322919277631208,
                    -0.4321349381574828
                ],
                [
                    0.3357241734316157,
                    0.1876899237619967,
                    0.9230719212996755,
                    2.211223437365396
                ],
                [
                    0.0,
                    0.0,
                    0.0,
                    1.0
                ]
            ],
            "colmap_im_id": 10
        },
        {
            "file_path": "images/frame_00011.png",
            "transform_matrix": [
                [
                    0.01981886182381571,
                    -0.9776587987438938,
                    0.20926176419655634,
                    1.9956570932640072
                ],
                [
                    0.8976296364231168,
                    -0.07477576614131025,
                    -0.43436116379446604,
                    -0.6541002707140988
                ],
                [
                    0.44030472235817714,
                    0.1964481051998892,
                    0.8760935414854181,
                    2.149121171763793
                ],
                [
                    0.0,
                    0.0,
                    0.0,
                    1.0
                ]
            ],
            "colmap_im_id": 11
        },
        {
            "file_path": "images/frame_00012.png",
            "transform_matrix": [
                [
                    0.08752142482620587,
                    -0.9772826998980562,
                    0.19302467375016216,
                    1.9463716468089343
                ],
                [
                    0.817997286987837,
                    -0.04008042389054741,
                    -0.5738240131793824,
                    -0.9313876317483699
                ],
                [
                    0.5685247916115257,
                    0.20811555468229612,
                    0.7959067013302197,
                    2.1605670812102673
                ],
                [
                    0.0,
                    0.0,
                    0.0,
                    1.0
                ]
            ],
            "colmap_im_id": 12
        },
        {
            "file_path": "images/frame_00013.png",
            "transform_matrix": [
                [
                    0.12891064589861245,
                    -0.9756082378978914,
                    0.17768120755942102,
                    1.9208816242000717
                ],
                [
                    0.7663954779183625,
                    -0.01568900415225146,
                    -0.6421774105144115,
                    -1.163348572189161
                ],
                [
                    0.6293012130929725,
                    0.21895757875552543,
                    0.7456792620860736,
                    2.1596140758704516
                ],
                [
                    0.0,
                    0.0,
                    0.0,
                    1.0
                ]
            ],
            "colmap_im_id": 13
        },
        {
            "file_path": "images/frame_00014.png",
            "transform_matrix": [
                [
                    0.14980022245387847,
                    -0.9730820340543411,
                    0.17513208830318508,
                    1.9053238865226954
                ],
                [
                    0.7375988246130869,
                    -0.007969878152034747,
                    -0.675192161515249,
                    -1.3217927602907782
                ],
                [
                    0.6584131433090936,
                    0.23032115847856405,
                    0.7165502750504891,
                    2.067783536948567
                ],
                [
                    0.0,
                    0.0,
                    0.0,
                    1.0
                ]
            ],
            "colmap_im_id": 14
        },
        {
            "file_path": "images/frame_00015.png",
            "transform_matrix": [
                [
                    0.1669259650799597,
                    -0.9717530356446976,
                    0.16682853442214057,
                    1.8420419852006942
                ],
                [
                    0.7101387694094452,
                    0.001114644373112157,
                    -0.7040608537261251,
                    -1.5111544423066963
                ],
                [
                    0.6839873173997912,
                    0.23599744762017397,
                    0.690265567990321,
                    1.8404603844615588
                ],
                [
                    0.0,
                    0.0,
                    0.0,
                    1.0
                ]
            ],
            "colmap_im_id": 15
        },
        {
            "file_path": "images/frame_00016.png",
            "transform_matrix": [
                [
                    0.1778902645214021,
                    -0.9723033954887988,
                    0.15159538551505583,
                    1.7224844170546179
                ],
                [
                    0.6878218293372309,
                    0.01268494952246981,
                    -0.7257687118792031,
                    -1.6951728333764946
                ],
                [
                    0.703744403086583,
                    0.23337780352159712,
                    0.6710280291818994,
                    1.579807899037742
                ],
                [
                    0.0,
                    0.0,
                    0.0,
                    1.0
                ]
            ],
            "colmap_im_id": 16
        },
        {
            "file_path": "images/frame_00017.png",
            "transform_matrix": [
                [
                    0.18759009075969127,
                    -0.9747798510036786,
                    0.12088920516744704,
                    1.5771120166710588
                ],
                [
                    0.650331691418747,
                    0.031021213103192297,
                    -0.7590167162019807,
                    -1.8287760483853557
                ],
                [
                    0.7361240717332931,
                    0.22100209595126616,
                    0.63974950144564,
                    1.2700618371759709
                ],
                [
                    0.0,
                    0.0,
                    0.0,
                    1.0
                ]
            ],
            "colmap_im_id": 17
        },
        {
            "file_path": "images/frame_00018.png",
            "transform_matrix": [
                [
                    0.19317353593392056,
                    -0.9756326627527673,
                    0.10404274306616164,
                    1.5000767386486438
                ],
                [
                    0.6165134603098038,
                    0.038204040107158284,
                    -0.7864169406722635,
                    -1.928523195687755
                ],
                [
                    0.7632792007330073,
                    0.21605869269584055,
                    0.6088706784194374,
                    1.0918861204129813
                ],
                [
                    0.0,
                    0.0,
                    0.0,
                    1.0
                ]
            ],
            "colmap_im_id": 18
        },
        {
            "file_path": "images/frame_00019.png",
            "transform_matrix": [
                [
                    0.2024244690483201,
                    -0.9758020630871116,
                    0.08267205093284184,
                    1.4489612141174986
                ],
                [
                    0.5657378375187344,
                    0.047614966024036476,
                    -0.8232092772862537,
                    -2.0390410556770417
                ],
                [
                    0.7993528842320717,
                    0.21340840818830584,
                    0.5616865832333915,
                    0.9327365218302244
                ],
                [
                    0.0,
                    0.0,
                    0.0,
                    1.0
                ]
            ],
            "colmap_im_id": 19
        },
        {
            "file_path": "images/frame_00020.png",
            "transform_matrix": [
                [
                    0.21613347219240572,
                    -0.9749337341531301,
                    0.052825526105173395,
                    1.3620716925684029
                ],
                [
                    0.49969246078460283,
                    0.06397111577742631,
                    -0.8638374505549173,
                    -2.1949857752072033
                ],
                [
                    0.8388049635243479,
                    0.21310070473000528,
                    0.5009933360938967,
                    0.7193186601891013
                ],
                [
                    0.0,
                    0.0,
                    0.0,
                    1.0
                ]
            ],
            "colmap_im_id": 20
        },
        {
            "file_path": "images/frame_00021.png",
            "transform_matrix": [
                [
                    0.2324954115999731,
                    -0.9721296662025837,
                    0.030162819394286364,
                    1.2078185918913111
                ],
                [
                    0.439194423154738,
                    0.07726650148026828,
                    -0.8950632080578315,
                    -2.409556306993049
                ],
                [
                    0.8677869221500956,
                    0.221345431029992,
                    0.4449180350439967,
                    0.5226872398015172
                ],
                [
                    0.0,
                    0.0,
                    0.0,
                    1.0
                ]
            ],
            "colmap_im_id": 21
        },
        {
            "file_path": "images/frame_00022.png",
            "transform_matrix": [
                [
                    0.2486854326937962,
                    -0.9685495414041627,
                    0.008206181309587111,
                    1.1160208007285906
                ],
                [
                    0.38799014125649395,
                    0.09185055185930854,
                    -0.917075311199089,
                    -2.620083370965544
                ],
                [
                    0.8874791298130142,
                    0.23124718802382646,
                    0.3986295676156095,
                    0.3465475812437891
                ],
                [
                    0.0,
                    0.0,
                    0.0,
                    1.0
                ]
            ],
            "colmap_im_id": 22
        },
        {
            "file_path": "images/frame_00023.png",
            "transform_matrix": [
                [
                    0.27017120156738944,
                    -0.9623036314932879,
                    -0.03129285315313239,
                    1.042869321447358
                ],
                [
                    0.31689028361900956,
                    0.1195651103606231,
                    -0.9408957075746044,
                    -2.825855052409895
                ],
                [
                    0.9091688896962417,
                    0.24428652275408583,
                    0.33724772024317795,
                    0.13241695347833285
                ],
                [
                    0.0,
                    0.0,
                    0.0,
                    1.0
                ]
            ],
            "colmap_im_id": 23
        },
        {
            "file_path": "images/frame_00024.png",
            "transform_matrix": [
                [
                    0.28582787681568267,
                    -0.956418599908327,
                    -0.05971504487509517,
                    0.9878035025893183
                ],
                [
                    0.2662135380690136,
                    0.1391115087137883,
                    -0.9538230130858404,
                    -2.94163130001772
                ],
                [
                    0.9205611207213872,
                    0.2567322533161139,
                    0.29437352653289656,
                    -0.06169597125332711
                ],
                [
                    0.0,
                    0.0,
                    0.0,
                    1.0
                ]
            ],
            "colmap_im_id": 24
        },
        {
            "file_path": "images/frame_00025.png",
            "transform_matrix": [
                [
                    0.3010363389447018,
                    -0.949534353584563,
                    -0.08810013619465508,
                    0.90599178281193
                ],
                [
                    0.21472331510873754,
                    0.15750712714298057,
                    -0.9638907629227901,
                    -3.047863114754169
                ],
                [
                    0.9291237918509482,
                    0.2712489931076447,
                    0.25130253312413003,
                    -0.3426767819953692
                ],
                [
                    0.0,
                    0.0,
                    0.0,
                    1.0
                ]
            ],
            "colmap_im_id": 25
        },
        {
            "file_path": "images/frame_00026.png",
            "transform_matrix": [
                [
                    0.3143089953835068,
                    -0.9411506707776423,
                    -0.12427900191023646,
                    0.7302492608802627
                ],
                [
                    0.15615964392592802,
                    0.18038793351799462,
                    -0.9711201568549768,
                    -3.1440094724067595
                ],
                [
                    0.9363888193640174,
                    0.28582443621198905,
                    0.20366730379263262,
                    -0.6462452330245899
                ],
                [
                    0.0,
                    0.0,
                    0.0,
                    1.0
                ]
            ],
            "colmap_im_id": 26
        },
        {
            "file_path": "images/frame_00027.png",
            "transform_matrix": [
                [
                    0.32754789106258986,
                    -0.9314844823905387,
                    -0.1582688792090218,
                    0.5650422225144639
                ],
                [
                    0.09858104984731468,
                    0.20028778186421156,
                    -0.9747648850091568,
                    -3.2156199291848457
                ],
                [
                    0.9396776871201373,
                    0.3036798700960342,
                    0.1574305587457684,
                    -0.9642196923506948
                ],
                [
                    0.0,
                    0.0,
                    0.0,
                    1.0
                ]
            ],
            "colmap_im_id": 27
        },
        {
            "file_path": "images/frame_00028.png",
            "transform_matrix": [
                [
                    0.33675914225973164,
                    -0.9244294543620419,
                    -0.17895101009043676,
                    0.46532105962740555
                ],
                [
                    0.0535051500736159,
                    0.20853198988248245,
                    -0.9765508732837486,
                    -3.2922749231672146
                ],
                [
                    0.94006940117211,
                    0.3192876338093131,
                    0.11968679073465173,
                    -1.16922024887967
                ],
                [
                    0.0,
                    0.0,
                    0.0,
                    1.0
                ]
            ],
            "colmap_im_id": 28
        },
        {
            "file_path": "images/frame_00029.png",
            "transform_matrix": [
                [
                    0.34197446900874273,
                    -0.9186501832483062,
                    -0.19782644758485154,
                    0.3579821102299349
                ],
                [
                    -0.0006076876258758861,
                    0.21030254948714416,
                    -0.9776361636084031,
                    -3.4266690868435834
                ],
                [
                    0.9397090471321097,
                    0.33444682461799635,
                    0.07135985034318242,
                    -1.432660669702593
                ],
                [
                    0.0,
                    0.0,
                    0.0,
                    1.0
                ]
            ],
            "colmap_im_id": 29
        },
        {
            "file_path": "images/frame_00030.png",
            "transform_matrix": [
                [
                    0.34038179106782324,
                    -0.9132439914328797,
                    -0.22388757987258465,
                    0.1841783712266256
                ],
                [
                    -0.06223379411253224,
                    0.21570285446476392,
                    -0.9744738238896475,
                    -3.6364777859608934
                ],
                [
                    0.9382255545335673,
                    0.3456265190744124,
                    0.016586685403817334,
                    -1.6783099312368575
                ],
                [
                    0.0,
                    0.0,
                    0.0,
                    1.0
                ]
            ],
            "colmap_im_id": 30
        },
        {
            "file_path": "images/frame_00031.png",
            "transform_matrix": [
                [
                    0.33851913543702544,
                    -0.9100772336938364,
                    -0.23909040895682768,
                    0.04326065058233023
                ],
                [
                    -0.10976502165429547,
                    0.21416441962790192,
                    -0.9706107568879895,
                    -3.823352937486182
                ],
                [
                    0.9345354112949389,
                    0.3548140781840797,
                    -0.027395893089675567,
                    -1.9049215533952173
                ],
                [
                    0.0,
                    0.0,
                    0.0,
                    1.0
                ]
            ],
            "colmap_im_id": 31
        },
        {
            "file_path": "images/frame_00032.png",
            "transform_matrix": [
                [
                    0.33365216356699107,
                    -0.9078284992713862,
                    -0.25401505793501405,
                    -0.027722091292760084
                ],
                [
                    -0.1576466468401242,
                    0.21192867585483677,
                    -0.964486273147773,
                    -3.8820723066239626
                ],
                [
                    0.9294212007949519,
                    0.3618475538967733,
                    -0.07240565759518232,
                    -2.0514323787097335
                ],
                [
                    0.0,
                    0.0,
                    0.0,
                    1.0
                ]
            ],
            "colmap_im_id": 32
        },
        {
            "file_path": "images/frame_00033.png",
            "transform_matrix": [
                [
                    0.3289791227267621,
                    -0.9064332089407238,
                    -0.26486142516295547,
                    -0.05883415712978781
                ],
                [
                    -0.209863613041828,
                    0.20328392115772773,
                    -0.9563644239095096,
                    -3.857038210129686
                ],
                [
                    0.9207225427515934,
                    0.3702087048249414,
                    -0.12335118216247298,
                    -2.2129749783478827
                ],
                [
                    0.0,
                    0.0,
                    0.0,
                    1.0
                ]
            ],
            "colmap_im_id": 33
        },
        {
            "file_path": "images/frame_00034.png",
            "transform_matrix": [
                [
                    0.3202595518246251,
                    -0.9032522479089019,
                    -0.28560321446476356,
                    -0.14628129821347927
                ],
                [
                    -0.2752213952812306,
                    0.19976503403530385,
                    -0.940397317497411,
                    -3.7261589533220167
                ],
                [
                    0.9064695268151836,
                    0.3797753386205973,
                    -0.18461768369001857,
                    -2.495678687488289
                ],
                [
                    0.0,
                    0.0,
                    0.0,
                    1.0
                ]
            ],
            "colmap_im_id": 34
        },
        {
            "file_path": "images/frame_00035.png",
            "transform_matrix": [
                [
                    0.30981144891732093,
                    -0.8978782974852056,
                    -0.3127801608555418,
                    -0.31385771784828753
                ],
                [
                    -0.3377362860738154,
                    0.20358842513432973,
                    -0.9189591689625768,
                    -3.530449365597788
                ],
                [
                    0.8887919144483802,
                    0.39034128151707415,
                    -0.24017205656527163,
                    -2.741369893577553
                ],
                [
                    0.0,
                    0.0,
                    0.0,
                    1.0
                ]
            ],
            "colmap_im_id": 35
        },
        {
            "file_path": "images/frame_00036.png",
            "transform_matrix": [
                [
                    0.30027232644838686,
                    -0.8925246063859337,
                    -0.33650610241852685,
                    -0.45208299968764815
                ],
                [
                    -0.39772510679249334,
                    0.20350135311676837,
                    -0.8946518533522098,
                    -3.317100209544029
                ],
                [
                    0.8669782404398471,
                    0.4024761188881633,
                    -0.2938736196540067,
                    -2.9662243433131956
                ],
                [
                    0.0,
                    0.0,
                    0.0,
                    1.0
                ]
            ],
            "colmap_im_id": 36
        },
        {
            "file_path": "images/frame_00037.png",
            "transform_matrix": [
                [
                    0.2868408522720366,
                    -0.8855492957774949,
                    -0.36541041339271474,
                    -0.5520518039639061
                ],
                [
                    -0.4742163924782206,
                    0.2001699553323352,
                    -0.8573510378410891,
                    -3.180181929995956
                ],
                [
                    0.8323707939210707,
                    0.4192069104037217,
                    -0.3625250718184498,
                    -3.1809511685102816
                ],
                [
                    0.0,
                    0.0,
                    0.0,
                    1.0
                ]
            ],
            "colmap_im_id": 37
        },
        {
            "file_path": "images/frame_00038.png",
            "transform_matrix": [
                [
                    0.2655266810235679,
                    -0.8788921116247004,
                    -0.39628807424458795,
                    -0.6329758215582807
                ],
                [
                    -0.5569797413643469,
                    0.1956669855439998,
                    -0.8071480647798329,
                    -3.08276261491128
                ],
                [
                    0.7869365599426126,
                    0.43504377583411064,
                    -0.43757029576250545,
                    -3.3974473992416927
                ],
                [
                    0.0,
                    0.0,
                    0.0,
                    1.0
                ]
            ],
            "colmap_im_id": 38
        },
        {
            "file_path": "images/frame_00039.png",
            "transform_matrix": [
                [
                    0.24321854706944254,
                    -0.8707897241678986,
                    -0.42728210194791044,
                    -0.8128551710755677
                ],
                [
                    -0.6405013611439708,
                    0.1866298327577811,
                    -0.7449344346300033,
                    -2.990701726856866
                ],
                [
                    0.7284248380815616,
                    0.45485663874279975,
                    -0.5123501668365612,
                    -3.620882941435032
                ],
                [
                    0.0,
                    0.0,
                    0.0,
                    1.0
                ]
            ],
            "colmap_im_id": 39
        },
        {
            "file_path": "images/frame_00040.png",
            "transform_matrix": [
                [
                    0.22499731580614163,
                    -0.8616097834672992,
                    -0.45497778947270057,
                    -0.9538033317745789
                ],
                [
                    -0.7110708892369868,
                    0.17404569801090106,
                    -0.6812387874186396,
                    -2.8891261133546626
                ],
                [
                    0.6661489310655326,
                    0.47679835993565656,
                    -0.5735058200253209,
                    -3.791357117698777
                ],
                [
                    0.0,
                    0.0,
                    0.0,
                    1.0
                ]
            ],
            "colmap_im_id": 40
        },
        {
            "file_path": "images/frame_00041.png",
            "transform_matrix": [
                [
                    0.20534279122097873,
                    -0.8509472903745403,
                    -0.483449115313913,
                    -1.0250492228669699
                ],
                [
                    -0.7769951749982894,
                    0.15860671811524266,
                    -0.6091981672642232,
                    -2.797995362446552
                ],
                [
                    0.5950738072902839,
                    0.5007320820288426,
                    -0.6286131925947034,
                    -3.90107647884747
                ],
                [
                    0.0,
                    0.0,
                    0.0,
                    1.0
                ]
            ],
            "colmap_im_id": 41
        },
        {
            "file_path": "images/frame_00042.png",
            "transform_matrix": [
                [
                    0.18108909036621404,
                    -0.836887025824513,
                    -0.5165528504973502,
                    -1.0192292212012515
                ],
                [
                    -0.8358283676681166,
                    0.14582206361441272,
                    -0.5292701253277818,
                    -2.585783873503111
                ],
                [
                    0.5182641036687655,
                    0.5275945713991331,
                    -0.6730871318622695,
                    -3.9428515053182784
                ],
                [
                    0.0,
                    0.0,
                    0.0,
                    1.0
                ]
            ],
            "colmap_im_id": 42
        },
        {
            "file_path": "images/frame_00043.png",
            "transform_matrix": [
                [
                    0.16712239384559255,
                    -0.8260264152055287,
                    -0.5382847451470477,
                    -1.0074372511360707
                ],
                [
                    -0.8688631871718911,
                    0.13465182675866788,
                    -0.47638812698057065,
                    -2.2291645235707187
                ],
                [
                    0.465990201026611,
                    0.5473109234550844,
                    -0.6952006081800569,
                    -3.9693718595203067
                ],
                [
                    0.0,
                    0.0,
                    0.0,
                    1.0
                ]
            ],
            "colmap_im_id": 43
        },
        {
            "file_path": "images/frame_00044.png",
            "transform_matrix": [
                [
                    0.15387528052690128,
                    -0.8171045926570356,
                    -0.5555740119025974,
                    -1.0350039874475994
                ],
                [
                    -0.8899090446419461,
                    0.12974527195850638,
                    -0.43729630305877537,
                    -1.919574598452792
                ],
                [
                    0.42939991884864914,
                    0.5616994294666794,
                    -0.7071841773043145,
                    -3.9583905602398333
                ],
                [
                    0.0,
                    0.0,
                    0.0,
                    1.0
                ]
            ],
            "colmap_im_id": 44
        },
        {
            "file_path": "images/frame_00045.png",
            "transform_matrix": [
                [
                    0.13494564374889256,
                    -0.8079496704878941,
                    -0.573591320708133,
                    -1.045573486573508
                ],
                [
                    -0.9135116419424248,
                    0.1227683049269806,
                    -0.38784587575609264,
                    -1.5526677119259773
                ],
                [
                    0.3837787816813893,
                    0.5763204605632698,
                    -0.7215043821539053,
                    -3.9365274995789092
                ],
                [
                    0.0,
                    0.0,
                    0.0,
                    1.0
                ]
