{
    "w": 3840,
    "h": 2160,
    "fl_x": 1675.0754723511932,
    "fl_y": 1674.8642486934812,
    "cx": 1920.0,
    "cy": 1080.0,
    "k1": -0.0004610110419972496,
    "k2": 4.6383311272209105e-05,
    "p1": -0.0004576145195894164,
    "p2": -0.0003980028662119496,
    "camera_model": "OPENCV",
    "frames": [
        {
            "file_path": "images/frame_00001.png",
            "transform_matrix": [
                [
                    0.12011799245215715,
                    -0.9233070175830382,
                    0.364795585460102,
                    2.669671561055434
                ],
                [
                    0.9593147740438133,
                    0.013376589407742482,
                    -0.28202168561492663,
                    -0.7864871925204155
                ],
                [
                    0.2555128806744023,
                    0.3838296733418767,
                    0.8873488320112539,
                    2.725101615756548
                ],
                [
                    0.0,
                    0.0,
                    0.0,
                    1.0
                ]
            ],
            "colmap_im_id": 1
        },
        {
            "file_path": "images/frame_00002.png",
            "transform_matrix": [
                [
                    0.12105955562623054,
                    -0.9219125822455042,
                    0.36799697646720736,
                    2.6877077017036703
                ],
                [
                    0.9605405884062399,
                    0.015275272847470834,
                    -0.2777200822116215,
                    -0.7741321065914533
                ],
                [
                    0.2504123839105687,
                    0.3870967020485477,
                    0.8873836719521966,
                    2.7549855258537264
                ],
                [
                    0.0,
                    0.0,
                    0.0,
                    1.0
                ]
            ],
            "colmap_im_id": 2
        },
        {
            "file_path": "images/frame_00003.png",
            "transform_matrix": [
                [
                    0.12515220723390286,
                    -0.9205718039717916,
                    0.36997902475221933,
                    2.694251269255787
                ],
                [
                    0.959711737208499,
                    0.017770546882056856,
                    -0.2804239453537407,
                    -0.755899003330515
                ],
                [
                    0.2515756476464432,
                    0.3901688882979186,
                    0.8857075883809729,
                    2.7676977065317176
                ],
                [
                    0.0,
                    0.0,
                    0.0,
                    1.0
                ]
            ],
            "colmap_im_id": 3
        },
        {
            "file_path": "images/frame_00004.png",
            "transform_matrix": [
                [
                    0.12772767232027346,
                    -0.919929198428413,
                    0.3706965222422544,
                    2.6950129423897335
                ],
                [
                    0.96053282407394,
                    0.021613561879770697,
                    -0.2773257071016149,
                    -0.7480500125555969
                ],
                [
                    0.24710794321548277,
                    0.3914883444264039,
                    0.8863828408639729,
                    2.785873301002595
                ],
                [
                    0.0,
                    0.0,
                    0.0,
                    1.0
                ]
            ],
            "colmap_im_id": 4
        },
        {
            "file_path": "images/frame_00005.png",
            "transform_matrix": [
                [
                    0.13260572177463265,
                    -0.9149142481739609,
                    0.3812448570681373,
                    2.6972677316042106
                ],
                [
                    0.9603588615767046,
                    0.023441702576764617,
                    -0.277779307313195,
                    -0.7687654085437333
                ],
                [
                    0.24520721756042305,
                    0.40296700245625355,
                    0.8817545097064698,
                    2.8120219157789936
                ],
                [
                    0.0,
                    0.0,
                    0.0,
                    1.0
                ]
            ],
            "colmap_im_id": 5
        },
        {
            "file_path": "images/frame_00006.png",
            "transform_matrix": [
                [
                    0.13556140065581837,
                    -0.9121349761340949,
                    0.3868241098549662,
                    2.70213599681273
                ],
                [
                    0.9601236741835768,
                    0.024588683010946227,
                    -0.2784922385633326,
                    -0.7998938039582622
                ],
                [
                    0.2445110159572808,
                    0.40915178354816134,
                    0.8790956609464623,
                    2.837720941909711
                ],
                [
                    0.0,
                    0.0,
                    0.0,
                    1.0
                ]
            ],
            "colmap_im_id": 6
        },
        {
            "file_path": "images/frame_00007.png",
            "transform_matrix": [
                [
                    0.14452489617430292,
                    -0.9123670833492769,
                    0.38301287133272793,
                    2.7091422155780935
                ],
                [
                    0.9563016031917615,
                    0.029362577770329634,
                    -0.29090390640132024,
                    -0.8163246632507418
                ],
                [
                    0.2541649033967391,
                    0.4083186797679176,
                    0.8767417280099716,
                    2.864878158270769
                ],
                [
                    0.0,
                    0.0,
                    0.0,
                    1.0
                ]
            ],
            "colmap_im_id": 7
        },
        {
            "file_path": "images/frame_00008.png",
            "transform_matrix": [
                [
                    0.16384995108735,
                    -0.9151732735565115,
                    0.36825408741320415,
                    2.7041104829811435
                ],
                [
                    0.9461837482812179,
                    0.040185237014968817,
                    -0.3211253045378948,
                    -0.8598136523419605
                ],
                [
                    0.2790869183913462,
                    0.4010523981899492,
                    0.8725064274198284,
                    2.8541084791419564
                ],
                [
                    0.0,
                    0.0,
                    0.0,
                    1.0
                ]
            ],
            "colmap_im_id": 8
        },
        {
            "file_path": "images/frame_00009.png",
            "transform_matrix": [
                [
                    0.18675827097222567,
                    -0.9187196795294745,
                    0.34795904740173667,
                    2.6747516324234404
                ],
                [
                    0.9323413880545315,
                    0.05412450183312882,
                    -0.3575053488017558,
                    -1.007160318532912
                ],
                [
                    0.3096140893822731,
                    0.3911837020462061,
                    0.866668579625113,
                    2.810042158851576
                ],
                [
                    0.0,
                    0.0,
                    0.0,
                    1.0
                ]
            ],
            "colmap_im_id": 9
        },
        {
            "file_path": "images/frame_00010.png",
            "transform_matrix": [
                [
                    0.22053184752941143,
                    -0.9224809342410816,
                    0.3168511167519627,
                    2.576390197905689
                ],
                [
                    0.9083936582843246,
                    0.07593934486141626,
                    -0.41116198449132013,
                    -1.328732752578195
                ],
                [
                    0.3552276253532179,
                    0.37849985715151907,
                    0.8547228745752589,
                    2.666630945079212
                ],
                [
                    0.0,
                    0.0,
                    0.0,
                    1.0
                ]
            ],
            "colmap_im_id": 10
        },
        {
            "file_path": "images/frame_00011.png",
            "transform_matrix": [
                [
                    0.2551474839894239,
                    -0.9247923616237942,
                    0.28223899322409773,
                    2.3441557301911415
                ],
                [
                    0.8793541007624188,
                    0.10056658137853963,
                    -0.46542746822910147,
                    -1.6540133627822105
                ],
                [
                    0.4020399568279058,
                    0.36694066358488964,
                    0.8388792657597972,
                    2.5020112601880493
                ],
                [
                    0.0,
                    0.0,
                    0.0,
                    1.0
                ]
            ],
            "colmap_im_id": 11
        },
        {
            "file_path": "images/frame_00012.png",
            "transform_matrix": [
                [
                    0.2891629027491503,
                    -0.920718880669763,
                    0.26203350635348893,
                    2.1676997239781035
                ],
                [
                    0.8499390255511042,
                    0.12099228363455303,
                    -0.5128006631685795,
                    -1.9286284599524928
                ],
                [
                    0.44044122027680904,
                    0.3709954313453392,
                    0.817541388188978,
                    2.3434946849519918
                ],
                [
                    0.0,
                    0.0,
                    0.0,
                    1.0
                ]
            ],
            "colmap_im_id": 12
        },
        {
            "file_path": "images/frame_00013.png",
            "transform_matrix": [
                [
                    0.33486455425783823,
                    -0.9127251763863925,
                    0.2340907573829599,
                    2.032991161009808
                ],
                [
                    0.7969265627693722,
                    0.1417772701882397,
                    -0.58720291144592,
                    -2.2278233874780127
                ],
                [
                    0.502766132366027,
                    0.3831865838575241,
                    0.7748511199561545,
                    2.195276980146605
                ],
                [
                    0.0,
                    0.0,
                    0.0,
                    1.0
                ]
            ],
            "colmap_im_id": 13
        },
        {
            "file_path": "images/frame_00014.png",
            "transform_matrix": [
                [
                    0.3700189989491361,
                    -0.9077731668038137,
                    0.19756978019842628,
                    1.9228456745907703
                ],
                [
                    0.7416168845851007,
                    0.16053444381576895,
                    -0.6513317809281618,
                    -2.4776876373394683
                ],
                [
                    0.5595447586341673,
                    0.38752621844171653,
                    0.7326207020725626,
                    2.0889796659886293
                ],
                [
                    0.0,
                    0.0,
                    0.0,
                    1.0
                ]
            ],
            "colmap_im_id": 14
        },
        {
            "file_path": "images/frame_00015.png",
            "transform_matrix": [
                [
                    0.405096640897242,
                    -0.8988993871728334,
                    0.16696287992867082,
                    1.7893044120192005
                ],
                [
                    0.687274996457732,
                    0.17896310310690428,
                    -0.7040065958287409,
                    -2.8224572452667447
                ],
                [
                    0.6029509024603873,
                    0.3999401198512753,
                    0.6902884250482201,
                    2.073949373008106
                ],
                [
                    0.0,
                    0.0,
                    0.0,
                    1.0
                ]
            ],
            "colmap_im_id": 15
        },
        {
            "file_path": "images/frame_00016.png",
            "transform_matrix": [
                [
                    0.44306084206434176,
                    -0.8883711203804757,
                    0.12039037628969675,
                    1.6733392744803817
                ],
                [
                    0.6126176261156984,
                    0.20197891414443264,
                    -0.764136219802073,
                    -3.0601141641487546
                ],
                [
                    0.6545202322324364,
                    0.4123121035271392,
                    0.6337207546573042,
                    2.011031356414508
                ],
                [
                    0.0,
                    0.0,
                    0.0,
                    1.0
                ]
            ],
            "colmap_im_id": 16
        },
        {
            "file_path": "images/frame_00017.png",
            "transform_matrix": [
                [
                    0.4785451349042092,
                    -0.8764301506395034,
                    0.05352331183259817,
                    1.5760075635708712
                ],
                [
                    0.5250392049050265,
                    0.23675646256029426,
                    -0.8174840736972392,
                    -3.2362891442522916
                ],
                [
                    0.703795699881869,
                    0.41930486341795914,
                    0.5734588427619168,
                    1.870824811553758
                ],
                [
                    0.0,
                    0.0,
                    0.0,
                    1.0
                ]
            ],
            "colmap_im_id": 17
        },
        {
            "file_path": "images/frame_00018.png",
            "transform_matrix": [
                [
                    0.5066624630724672,
                    -0.8620747449622354,
                    -0.010967342961622648,
                    1.4119211796025255
                ],
                [
                    0.4402201452219982,
                    0.26962397579538,
                    -0.8564514787289558,
                    -3.3077782219328355
                ],
                [
                    0.7412822487110182,
                    0.42910377040360453,
                    0.5161110170993708,
                    1.5705555567410145
                ],
                [
                    0.0,
                    0.0,
                    0.0,
                    1.0
                ]
            ],
            "colmap_im_id": 18
        },
        {
            "file_path": "images/frame_00019.png",
            "transform_matrix": [
                [
                    0.5315387745755673,
                    -0.8434096203875088,
                    -0.07827351634175152,
                    1.130398834201208
                ],
                [
                    0.3540866906889425,
                    0.3051963749225012,
                    -0.8840123235629225,
                    -3.3273969613846446
                ],
                [
                    0.7694732916740236,
                    0.44217121680629823,
                    0.4608638285094419,
                    1.2551651197697165
                ],
                [
                    0.0,
                    0.0,
                    0.0,
                    1.0
                ]
            ],
            "colmap_im_id": 19
        },
        {
            "file_path": "images/frame_00020.png",
            "transform_matrix": [
                [
                    0.5498343750453091,
                    -0.823115633266024,
                    -0.14199582490906862,
                    0.9028966520128577
                ],
                [
                    0.26774865661488906,
                    0.33471350022025415,
                    -0.9034807854355443,
                    -3.33146035002036
                ],
                [
                    0.7911970784194393,
                    0.45874560166107126,
                    0.40442509325852305,
                    1.0003831992008652
                ],
                [
                    0.0,
                    0.0,
                    0.0,
                    1.0
                ]
            ],
            "colmap_im_id": 20
        },
        {
            "file_path": "images/frame_00021.png",
            "transform_matrix": [
                [
                    0.5598047568956271,
                    -0.8047868988147509,
                    -0.19732379900347555,
                    0.7293680218198825
                ],
                [
                    0.18811241000340775,
                    0.3553462235089083,
                    -0.9156106064483236,
                    -3.3850202849743662
                ],
                [
                    0.8069896872697555,
                    0.47544411757228966,
                    0.35031490934039505,
                    0.7772461815683479
                ],
                [
                    0.0,
                    0.0,
                    0.0,
                    1.0
                ]
            ],
            "colmap_im_id": 21
        },
        {
            "file_path": "images/frame_00022.png",
            "transform_matrix": [
                [
                    0.5597788692256652,
                    -0.7886603805128213,
                    -0.2542880684928167,
                    0.5267529405002247
                ],
                [
                    0.1054635458481687,
                    0.3721847458880055,
                    -0.9221474694567089,
                    -3.4679420986256955
                ],
                [
                    0.8219033143050142,
                    0.4893805463416507,
                    0.2915160763950773,
                    0.4949403890803982
                ],
                [
                    0.0,
                    0.0,
                    0.0,
                    1.0
                ]
            ],
            "colmap_im_id": 22
        },
        {
            "file_path": "images/frame_00023.png",
            "transform_matrix": [
                [
                    0.5460708304521842,
                    -0.7742440097280409,
                    -0.3199263376615109,
                    0.2814496992422013
                ],
                [
                    0.010194437155298443,
                    0.3880058076172677,
                    -0.9216005461729926,
                    -3.510850942309272
                ],
                [
                    0.8376769792589196,
                    0.4999977066502575,
                    0.21977163548587061,
                    0.2784023345166778
                ],
                [
                    0.0,
                    0.0,
                    0.0,
                    1.0
                ]
            ],
            "colmap_im_id": 23
        },
        {
            "file_path": "images/frame_00024.png",
            "transform_matrix": [
                [
                    0.5454344194165768,
                    -0.7626470122287357,
                    -0.3476648225723799,
                    0.08411576653854387
                ],
                [
                    -0.03866880697459375,
                    0.391459761054539,
                    -0.9193823898913251,
                    -3.621310307885518
                ],
                [
                    0.8372610211175858,
                    0.5149065839681077,
                    0.18402497739011087,
                    0.07094887263171877
                ],
                [
                    0.0,
                    0.0,
                    0.0,
                    1.0
                ]
            ],
            "colmap_im_id": 24
        },
        {
            "file_path": "images/frame_00025.png",
            "transform_matrix": [
                [
                    0.5372968247561393,
                    -0.7478008560012266,
                    -0.3900076946302511,
                    -0.07773580017703656
                ],
                [
                    -0.10256332777176504,
                    0.40106103011317856,
                    -0.9102916092774543,
                    -3.6817573538503203
                ],
                [
                    0.837133732388889,
                    0.5290972782848052,
                    0.13879187371117696,
                    -0.1417451589370162
                ],
                [
                    0.0,
                    0.0,
                    0.0,
                    1.0
                ]
            ],
            "colmap_im_id": 25
        },
        {
            "file_path": "images/frame_00026.png",
            "transform_matrix": [
                [
                    0.5327982398244652,
                    -0.7356578473967699,
                    -0.41825060335103226,
                    -0.23678067368718952
                ],
                [
                    -0.14721367710673292,
                    0.40613402353887285,
                    -0.9018776459125931,
                    -3.6373823731641344
                ],
                [
                    0.8333391679938401,
                    0.5420910315506771,
                    0.1080885960666371,
                    -0.3951276206913774
                ],
                [
                    0.0,
                    0.0,
                    0.0,
                    1.0
                ]
            ],
            "colmap_im_id": 26
        },
        {
            "file_path": "images/frame_00027.png",
            "transform_matrix": [
                [
                    0.5230502813814761,
                    -0.7207524526245906,
                    -0.4549003244474505,
                    -0.4624661106652184
                ],
                [
                    -0.19498572920717294,
                    0.41838466145062686,
                    -0.8870934789910199,
                    -3.4903800016546236
                ],
                [
                    0.8296981189277851,
                    0.5526935652768916,
                    0.07829977234457997,
                    -0.6722306411836212
                ],
                [
                    0.0,
                    0.0,
                    0.0,
                    1.0
                ]
            ],
            "colmap_im_id": 27
        },
        {
            "file_path": "images/frame_00028.png",
            "transform_matrix": [
                [
                    0.5109762822001199,
                    -0.7038585110772028,
                    -0.4934434470262288,
                    -0.6409903362681525
                ],
                [
                    -0.23903069536360322,
                    0.43505534880754554,
                    -0.8680962908271965,
                    -3.328300134535491
                ],
                [
                    0.8256921736960664,
                    0.561524745543888,
                    0.05405917534458184,
                    -0.896287089064071
                ],
                [
                    0.0,
                    0.0,
                    0.0,
                    1.0
                ]
            ],
            "colmap_im_id": 28
        },
        {
            "file_path": "images/frame_00029.png",
            "transform_matrix": [
                [
                    0.4962768272343791,
                    -0.6959075774731368,
                    -0.5190587195738536,
                    -0.728237491087955
                ],
                [
                    -0.284988500153126,
                    0.4341627144451007,
                    -0.8545667277434419,
                    -3.23342644279163
                ],
                [
                    0.8200554039396669,
                    0.5720274302873352,
                    0.017139237679015644,
                    -1.0557849829305863
                ],
                [
                    0.0,
                    0.0,
                    0.0,
                    1.0
                ]
            ],
            "colmap_im_id": 29
        },
        {
            "file_path": "images/frame_00030.png",
            "transform_matrix": [
                [
                    0.485090727319926,
                    -0.6928918656429345,
                    -0.5334677579705063,
                    -0.8179667320061913
                ],
                [
                    -0.31790144314126445,
                    0.42857856177476444,
                    -0.8457299148284724,
                    -3.206129016713012
                ],
                [
                    0.8146322229797481,
                    0.5798459096285216,
                    -0.012371837783683544,
                    -1.1749755706869323
                ],
                [
                    0.0,
                    0.0,
                    0.0,
                    1.0
                ]
            ],
            "colmap_im_id": 30
        },
        {
            "file_path": "images/frame_00031.png",
            "transform_matrix": [
                [
                    0.4619680272926666,
                    -0.6900785813235585,
                    -0.5571149731947496,
                    -0.9768003445340824
                ],
                [
                    -0.37115037019015995,
                    0.42008964650684294,
                    -0.8281135740980593,
                    -3.1855654805938283
                ],
                [
                    0.805501672541422,
                    0.5893354227400729,
                    -0.06205493563569899,
                    -1.4055076923115053
                ],
                [
                    0.0,
                    0.0,
                    0.0,
                    1.0
                ]
            ],
            "colmap_im_id": 31
        },
        {
            "file_path": "images/frame_00032.png",
            "transform_matrix": [
                [
                    0.4426717254214395,
                    -0.6874887011996484,
                    -0.5756744125243243,
                    -1.1997070891824846
                ],
                [
                    -0.415663125271463,
                    0.41152929091612067,
                    -0.8110905060519661,
                    -3.208340267099993
                ],
                [
                    0.7945224413457211,
                    0.5983334592356468,
                    -0.10359132085816397,
                    -1.6186263559617935
                ],
                [
                    0.0,
                    0.0,
                    0.0,
                    1.0
                ]
            ],
            "colmap_im_id": 32
        },
        {
            "file_path": "images/frame_00033.png",
            "transform_matrix": [
                [
                    0.4224955222761082,
                    -0.6775760602973657,
                    -0.6019868903626883,
                    -1.4435945013289015
                ],
                [
                    -0.47105461627109335,
                    0.40327985860702603,
                    -0.784520811789968,
                    -3.2218164670219855
                ],
                [
                    0.7743417089026858,
                    0.6150252337537037,
                    -0.14879139659224447,
                    -1.8938101298689407
                ],
                [
                    0.0,
                    0.0,
                    0.0,
                    1.0
                ]
            ],
            "colmap_im_id": 33
        },
        {
            "file_path": "images/frame_00034.png",
            "transform_matrix": [
                [
                    0.394149040482254,
                    -0.6611888654001191,
                    -0.6383383257785962,
                    -1.5954802467209066
                ],
                [
                    -0.5353024647278712,
                    0.3994252170148757,
                    -0.7442518171082186,
                    -3.1423688170070974
                ],
                [
                    0.7470594388287884,
                    0.6350502187099238,
                    -0.19650296326847927,
                    -2.1257616043885768
                ],
                [
                    0.0,
                    0.0,
                    0.0,
                    1.0
                ]
            ],
            "colmap_im_id": 34
        },
        {
            "file_path": "images/frame_00035.png",
            "transform_matrix": [
                [
                    0.3552346915771071,
                    -0.6386813097872596,
                    -0.682564647801619,
                    -1.7357144189720044
                ],
                [
                    -0.6102500264967183,
                    0.39467268778635745,
                    -0.6868976449779445,
                    -2.905076849427763
                ],
                [
                    0.7080983117201108,
                    0.6605449674654429,
                    -0.2495538557009392,
                    -2.42236020700585
                ],
                [
                    0.0,
                    0.0,
                    0.0,
                    1.0
                ]
            ],
            "colmap_im_id": 35
        },
        {
            "file_path": "images/frame_00036.png",
            "transform_matrix": [
                [
                    0.3278843657871924,
                    -0.6179294556995122,
                    -0.7146013087388203,
                    -1.9286026789037662
                ],
                [
                    -0.6642998552911836,
                    0.38702108144609654,
                    -0.6394688301836188,
                    -2.5816479857709984
                ],
                [
                    0.6717123974830617,
                    0.6843813778115228,
                    -0.28359228616511917,
                    -2.5945293911218523
                ],
                [
                    0.0,
                    0.0,
                    0.0,
                    1.0
                ]
            ],
            "colmap_im_id": 36
        },
        {
            "file_path": "images/frame_00037.png",
            "transform_matrix": [
                [
                    0.2897453589582151,
                    -0.604166004693366,
                    -0.7423146676006278,
                    -2.0363406513532847
                ],
                [
                    -0.7234172808082686,
                    0.3695756501227561,
                    -0.5831648794846211,
                    -2.289036750116649
                ],
                [
                    0.6266698211898715,
                    0.7059725756778359,
                    -0.329981298865037,
                    -2.715131161748188
                ],
                [
                    0.0,
                    0.0,
                    0.0,
                    1.0
                ]
            ],
            "colmap_im_id": 37
        },
        {
            "file_path": "images/frame_00038.png",
            "transform_matrix": [
                [
                    0.21323897531073313,
                    -0.586822517824909,
                    -0.7811328132795747,
                    -2.076964672339591
                ],
                [
                    -0.8021725362911801,
                    0.35124388467207146,
                    -0.4828529336150376,
                    -2.0616675856056346
                ],
                [
                    0.5577170980242616,
                    0.7295663547985932,
                    -0.39583402142474944,
                    -2.815188222651714
                ],
                [
                    0.0,
                    0.0,
                    0.0,
                    1.0
                ]
            ],
            "colmap_im_id": 38
        },
        {
            "file_path": "images/frame_00039.png",
            "transform_matrix": [
                [
                    0.15937805205676236,
                    -0.5749404384928771,
                    -0.8025223540239924,
                    -2.137166594119963
                ],
                [
                    -0.8507464237651811,
                    0.3324134486011575,
                    -0.4071017337715967,
                    -1.8701719133294255
                ],
                [
                    0.5008284726064867,
                    0.7476261039949741,
                    -0.43614911401027706,
                    -2.9704969797380856
                ],
                [
                    0.0,
                    0.0,
                    0.0,
                    1.0
                ]
            ],
            "colmap_im_id": 39
        },
        {
            "file_path": "images/frame_00040.png",
            "transform_matrix": [
                [
                    0.09022824283083443,
                    -0.5649067713629788,
                    -0.8202068055459643,
                    -2.277571714702273
                ],
                [
                    -0.9005431923280101,
                    0.3054199488185404,
                    -0.3094198015889692,
                    -1.577080368393639
                ],
                [
                    0.42530086168186504,
                    0.7665500600299603,
                    -0.48116544194354605,
                    -3.1381098473296123
                ],
                [
                    0.0,
                    0.0,
                    0.0,
                    1.0
                ]
            ],
            "colmap_im_id": 40
        },
        {
            "file_path": "images/frame_00041.png",
            "transform_matrix": [
                [
                    0.03756011988388187,
                    -0.557217505657934,
                    -0.829516659737861,
                    -2.3893905179594213
                ],
                [
                    -0.9321873190071628,
                    0.27952893119905287,
                    -0.22997908362490802,
                    -1.3365346645947316
                ],
                [
                    0.3600222766393014,
                    0.7819029530645508,
                    -0.508931952536278,
                    -3.268506286112385
                ],
                [
                    0.0,
                    0.0,
                    0.0,
                    1.0
                ]
            ],
            "colmap_im_id": 41
        },
        {
            "file_path": "images/frame_00042.png",
            "transform_matrix": [
                [
                    -0.03943778428606209,
                    -0.5451432182423323,
                    -0.8374147913519313,
                    -2.413790706724723
                ],
                [
                    -0.9618391786436253,
                    0.24780122994144782,
                    -0.1160170024852457,
                    -1.0708344263314409
                ],
                [
                    0.27075829737380497,
                    0.8008829015804361,
                    -0.534112836729599,
                    -3.3413714380322284
                ],
                [
                    0.0,
                    0.0,
                    0.0,
                    1.0
                ]
            ],
            "colmap_im_id": 42
        },
        {
            "file_path": "images/frame_00043.png",
            "transform_matrix": [
                [
                    -0.10224563499791867,
                    -0.5286972241075246,
                    -0.8426298566659445,
                    -2.293763295310747
                ],
                [
                    -0.9763026296747914,
                    0.21574860934361872,
                    -0.01690304281425371,
                    -0.6855513174935575
                ],
                [
                    0.19073281158195687,
                    0.8209334825595143,
                    -0.5382278437601946,
                    -3.336112168504347
                ],
                [
                    0.0,
                    0.0,
                    0.0,
                    1.0
                ]
            ],
            "colmap_im_id": 43
        },
        {
            "file_path": "images/frame_00044.png",
            "transform_matrix": [
                [
                    -0.15316635229945066,
                    -0.5121049408269789,
                    -0.8451559608166275,
                    -2.188467519859543
                ],
                [
                    -0.9800699064503318,
                    0.18820413156236065,
                    0.06357816711179076,
                    -0.3249028668244758
                ],
                [
                    0.12650315013357452,
                    0.8380499593958907,
                    -0.5307251817681423,
                    -3.224196919353351
                ],
                [
                    0.0,
                    0.0,
                    0.0,
                    1.0
                ]
            ],
            "colmap_im_id": 44
        },
        {
            "file_path": "images/frame_00045.png",
            "transform_matrix": [
                [
                    -0.21043453700172352,
                    -0.49510174093779197,
                    -0.8429659374833823,
                    -2.127339574053276
                ],
                [
                    -0.9755660071475685,
                    0.16205256461471856,
                    0.14835744672898224,
                    -0.10569936405856
                ],
                [
                    0.06315276189542786,
                    0.8535884444052414,
                    -0.5171058849431315,
                    -3.151396677417888
                ],
                [
                    0.0,
                    0.0,
                    0.0,
                    1.0
                ]
            ],
            "colmap_im_id": 45
        },
        {
