{
    "w": 3840,
    "h": 2160,
    "fl_x": 1684.9962037362614,
    "fl_y": 1685.7324906217539,
    "cx": 1920.0,
    "cy": 1080.0,
    "k1": -0.0012839752817783987,
    "k2": 0.00016544420589561175,
    "p1": -0.0006660628662448956,
    "p2": -0.0004982630868768013,
    "camera_model": "OPENCV",
    "frames": [
        {
            "file_path": "images/frame_00001.png",
            "transform_matrix": [
                [
                    0.12565772784470458,
                    -0.9901719558160832,
                    0.06139733991191016,
                    1.963897511260786
                ],
                [
                    0.9652809333160699,
                    0.1077439387691815,
                    -0.23795790265288505,
                    -1.1471012279413306
                ],
                [
                    0.22900405063964088,
                    0.08916693094334556,
                    0.9693329681883214,
                    4.157771965628992
                ],
                [
                    0.0,
                    0.0,
                    0.0,
                    1.0
                ]
            ],
            "colmap_im_id": 1
        },
        {
            "file_path": "images/frame_00002.png",
            "transform_matrix": [
                [
                    0.12404552024671114,
                    -0.9890622919020883,
                    0.07980282980014569,
                    1.9729255158966965
                ],
                [
                    0.9693089323270969,
                    0.10357840445491907,
                    -0.22296122497303525,
                    -1.1371450620998282
                ],
                [
                    0.21225669039544084,
                    0.10501093689688444,
                    0.9715553512355395,
                    4.224983154331576
                ],
                [
                    0.0,
                    0.0,
                    0.0,
                    1.0
                ]
            ],
            "colmap_im_id": 2
        },
        {
            "file_path": "images/frame_00003.png",
            "transform_matrix": [
                [
                    0.1247159659377029,
                    -0.9877082757511316,
                    0.09422467751577827,
                    1.9625320726690036
                ],
                [
                    0.9678641911083464,
                    0.1002073298907363,
                    -0.23064561258856764,
                    -1.1494465498702084
                ],
                [
                    0.21836857697574577,
                    0.11996188164952994,
                    0.9684649253022496,
                    4.214235790055457
                ],
                [
                    0.0,
                    0.0,
                    0.0,
                    1.0
                ]
            ],
            "colmap_im_id": 3
        },
        {
            "file_path": "images/frame_00004.png",
            "transform_matrix": [
                [
                    0.12616199435724956,
                    -0.9884605912632606,
                    0.08383800271527565,
                    1.9359600784928899
                ],
                [
                    0.9671677323496836,
                    0.10376774550533566,
                    -0.23198886286697246,
                    -1.1876105027358699
                ],
                [
                    0.2206121680265447,
                    0.11035358857882749,
                    0.9690987342920239,
                    4.18347319595953
                ],
                [
                    0.0,
                    0.0,
                    0.0,
                    1.0
                ]
            ],
            "colmap_im_id": 4
        },
        {
            "file_path": "images/frame_00005.png",
            "transform_matrix": [
                [
                    0.13356893657866203,
                    -0.9893608913505281,
                    0.05765731391015033,
                    1.9129269262001363
                ],
                [
                    0.9578208881201967,
                    0.11393651679566638,
                    -0.26381360166054413,
                    -1.3240723086250312
                ],
                [
                    0.2544375865745523,
                    0.09046268184483079,
                    0.9628489070106266,
                    4.028347762239826
                ],
                [
                    0.0,
                    0.0,
                    0.0,
                    1.0
                ]
            ],
            "colmap_im_id": 5
        },
        {
            "file_path": "images/frame_00006.png",
            "transform_matrix": [
                [
                    0.14050267083561796,
                    -0.989173348249028,
                    0.042368462349547865,
                    1.862880805619662
                ],
                [
                    0.9486794716976505,
                    0.12225886944938416,
                    -0.2916505251502642,
                    -1.4498601168828098
                ],
                [
                    0.2833130061743096,
                    0.08117176821263355,
                    0.9555861471252657,
                    3.851998059475214
                ],
                [
                    0.0,
                    0.0,
                    0.0,
                    1.0
                ]
            ],
            "colmap_im_id": 6
        },
        {
            "file_path": "images/frame_00007.png",
            "transform_matrix": [
                [
                    0.15081078900525102,
                    -0.9882770017433935,
                    0.02376286482522773,
                    1.7927461015510324
                ],
                [
                    0.9367816142863897,
                    0.13519232825271663,
                    -0.3227433059206579,
                    -1.5450710365557117
                ],
                [
                    0.31574722968634156,
                    0.07093378748310364,
                    0.9461881867465386,
                    3.6362566247390395
                ],
                [
                    0.0,
                    0.0,
                    0.0,
                    1.0
                ]
            ],
            "colmap_im_id": 7
        },
        {
            "file_path": "images/frame_00008.png",
            "transform_matrix": [
                [
                    0.1637731446540298,
                    -0.9864958470494443,
                    -0.0020738477112406278,
                    1.7122874065167633
                ],
                [
                    0.9200920033665178,
                    0.15350669070191741,
                    -0.36036981179162836,
                    -1.656596701282159
                ],
                [
                    0.35582167223360356,
                    0.05711076662018339,
                    0.9328072136861596,
                    3.4661647806583162
                ],
                [
                    0.0,
                    0.0,
                    0.0,
                    1.0
                ]
            ],
            "colmap_im_id": 8
        },
        {
            "file_path": "images/frame_00009.png",
            "transform_matrix": [
                [
                    0.1779195378984054,
                    -0.9836805034898969,
                    -0.026782551929958556,
                    1.6590229343412661
                ],
                [
                    0.8903074687991149,
                    0.17250498540458895,
                    -0.4214197919071619,
                    -1.7514447033970495
                ],
                [
                    0.4191625568136197,
                    0.051134108620622176,
                    0.9064701064574846,
                    3.3524884608284404
                ],
                [
                    0.0,
                    0.0,
                    0.0,
                    1.0
                ]
            ],
            "colmap_im_id": 9
        },
        {
            "file_path": "images/frame_00010.png",
            "transform_matrix": [
                [
                    0.19346401934016255,
                    -0.9799742910671687,
                    -0.04713875335803272,
                    1.594692962622982
                ],
                [
                    0.857916635014404,
                    0.19228594959055573,
                    -0.47645058605863855,
                    -1.8907059818412895
                ],
                [
                    0.47597344525331564,
                    0.05173492473618286,
                    0.8779366588634002,
                    3.228886827542151
                ],
                [
                    0.0,
                    0.0,
                    0.0,
                    1.0
                ]
            ],
            "colmap_im_id": 10
        },
        {
            "file_path": "images/frame_00011.png",
            "transform_matrix": [
                [
                    0.20919983090193514,
                    -0.9752289499060897,
                    -0.07186046211698985,
                    1.4511030253138755
                ],
                [
                    0.8092930642727012,
                    0.2139155413228372,
                    -0.5470693532822497,
                    -2.0350050614270594
                ],
                [
                    0.5488899405807172,
                    0.056290642611566626,
                    0.8339971203089813,
                    3.078842439536098
                ],
                [
                    0.0,
                    0.0,
                    0.0,
                    1.0
                ]
            ],
            "colmap_im_id": 11
        },
        {
            "file_path": "images/frame_00012.png",
            "transform_matrix": [
                [
                    0.22655575580270265,
                    -0.9697724223532705,
                    -0.09063078039902654,
                    1.364969509145454
                ],
                [
                    0.7660082291780238,
                    0.23487541223957617,
                    -0.5983852718415097,
                    -2.234998743524679
                ],
                [
                    0.6015844764820768,
                    0.06614370392077829,
                    0.7960660324919198,
                    2.9681529331040797
                ],
                [
                    0.0,
                    0.0,
                    0.0,
                    1.0
                ]
            ],
            "colmap_im_id": 12
        },
        {
            "file_path": "images/frame_00013.png",
            "transform_matrix": [
                [
                    0.24724941552911406,
                    -0.9621986355759963,
                    -0.11419944052491086,
                    1.252893964595209
                ],
                [
                    0.7160421208857825,
                    0.260844317675041,
                    -0.647490481052836,
                    -2.429825458542219
                ],
                [
                    0.6528027325600759,
                    0.07832003340355168,
                    0.7534683568204866,
                    2.8490102933452652
                ],
                [
                    0.0,
                    0.0,
                    0.0,
                    1.0
                ]
            ],
            "colmap_im_id": 13
        },
        {
            "file_path": "images/frame_00014.png",
            "transform_matrix": [
                [
                    0.2629976329507889,
                    -0.9554303163329521,
                    -0.13410874577818363,
                    1.2081530592019945
                ],
                [
                    0.6729622515254536,
                    0.281268984288547,
                    -0.6841122470026986,
                    -2.5855467994131627
                ],
                [
                    0.6913422112702753,
                    0.089669778126214,
                    0.7169416139454602,
                    2.6771471631240558
                ],
                [
                    0.0,
                    0.0,
                    0.0,
                    1.0
                ]
            ],
            "colmap_im_id": 14
        },
        {
            "file_path": "images/frame_00015.png",
            "transform_matrix": [
                [
                    0.27546351365821287,
                    -0.9445223729728309,
                    -0.17887800199254208,
                    1.0724612961276605
                ],
                [
                    0.6050559323610182,
                    0.31494656573530305,
                    -0.7312427636881457,
                    -2.7490041575406208
                ],
                [
                    0.7470121627910824,
                    0.09319950474820528,
                    0.6582451526269516,
                    2.3245840199228898
                ],
                [
                    0.0,
                    0.0,
                    0.0,
                    1.0
                ]
            ],
            "colmap_im_id": 15
        },
        {
            "file_path": "images/frame_00016.png",
            "transform_matrix": [
                [
                    0.2832640600685622,
                    -0.936764152792091,
                    -0.20551008324943598,
                    0.9659220964286619
                ],
                [
                    0.5456608292272328,
                    0.3336447891167136,
                    -0.7687232363746477,
                    -2.7963150305113413
                ],
                [
                    0.7886797396412074,
                    0.1056128625640828,
                    0.6056650819887981,
                    2.0461650825413553
                ],
                [
                    0.0,
                    0.0,
                    0.0,
                    1.0
                ]
            ],
            "colmap_im_id": 16
        },
        {
            "file_path": "images/frame_00017.png",
            "transform_matrix": [
                [
                    0.29270959366418475,
                    -0.9306973144484405,
                    -0.21937092481778106,
                    0.88058913608673
                ],
                [
                    0.5006400757579982,
                    0.3446277387268594,
                    -0.7940977498047941,
                    -2.878141254668923
                ],
                [
                    0.8146659489152432,
                    0.12261415325512877,
                    0.5668202193813785,
                    1.862185781427176
                ],
                [
                    0.0,
                    0.0,
                    0.0,
                    1.0
                ]
            ],
            "colmap_im_id": 17
        },
        {
            "file_path": "images/frame_00018.png",
            "transform_matrix": [
                [
                    0.29818271747280417,
                    -0.9253725509856011,
                    -0.23403570001804225,
                    0.8123208715180692
                ],
                [
                    0.4558624401597691,
                    0.35348126758939347,
                    -0.8168478616700763,
                    -3.015271979273871
                ],
                [
                    0.8386158254243204,
                    0.1368818298599082,
                    0.5272445940947033,
                    1.7057471066937437
                ],
                [
                    0.0,
                    0.0,
                    0.0,
                    1.0
                ]
            ],
            "colmap_im_id": 18
        },
        {
            "file_path": "images/frame_00019.png",
            "transform_matrix": [
                [
                    0.29708476946995355,
                    -0.9189465108347095,
                    -0.25937993363731415,
                    0.6415230510950996
                ],
                [
                    0.36835867725739185,
                    0.3609157072189966,
                    -0.8567681933707599,
                    -3.246712581726587
                ],
                [
                    0.8809384340793451,
                    0.15898793195498975,
                    0.44572448087860994,
                    1.4879981096830244
                ],
                [
                    0.0,
                    0.0,
                    0.0,
                    1.0
                ]
            ],
            "colmap_im_id": 19
        },
        {
            "file_path": "images/frame_00020.png",
            "transform_matrix": [
                [
                    0.3021432865482088,
                    -0.9101246448013894,
                    -0.28351819221875685,
                    0.5104147871667947
                ],
                [
                    0.318342719402139,
                    0.3766790540862409,
                    -0.8699257458061267,
                    -3.377503604530202
                ],
                [
                    0.8985362248665869,
                    0.17258627157986747,
                    0.4035426017964674,
                    1.3142107425039768
                ],
                [
                    0.0,
                    0.0,
                    0.0,
                    1.0
                ]
            ],
            "colmap_im_id": 20
        },
        {
            "file_path": "images/frame_00021.png",
            "transform_matrix": [
                [
                    0.3119157157732911,
                    -0.9047087297712672,
                    -0.2901908002147826,
                    0.4236134088840774
                ],
                [
                    0.2945276235732026,
                    0.3824542558102674,
                    -0.8757752115497083,
                    -3.455957377136017
                ],
                [
                    0.9033061857454298,
                    0.1876988451969669,
                    0.3857552051570631,
                    1.1956708721848481
                ],
                [
                    0.0,
                    0.0,
                    0.0,
                    1.0
                ]
            ],
            "colmap_im_id": 21
        },
        {
            "file_path": "images/frame_00022.png",
            "transform_matrix": [
                [
                    0.3195370782818138,
                    -0.8902059624419687,
                    -0.3246989375342793,
                    0.33813887448950947
                ],
                [
                    0.2358608513365063,
                    0.4065994959028576,
                    -0.8826361134342737,
                    -3.47337349072168
                ],
                [
                    0.9177503551674278,
                    0.20545119703790932,
                    0.33988835111805416,
                    0.8790682416138602
                ],
                [
                    0.0,
                    0.0,
                    0.0,
                    1.0
                ]
            ],
            "colmap_im_id": 22
        },
        {
            "file_path": "images/frame_00023.png",
            "transform_matrix": [
                [
                    0.32383320728997533,
                    -0.8810175148464101,
                    -0.34487706851883243,
                    0.24936071384379876
                ],
                [
                    0.20491655842746187,
                    0.4211794047526018,
                    -0.8835253890491706,
                    -3.3947314832686213
                ],
                [
                    0.923656460995392,
                    0.21544383849648516,
                    0.3169269545421594,
                    0.5288754691026631
                ],
                [
                    0.0,
                    0.0,
                    0.0,
                    1.0
                ]
            ],
            "colmap_im_id": 23
        },
        {
            "file_path": "images/frame_00024.png",
            "transform_matrix": [
                [
                    0.32349859742099285,
                    -0.8721837806113538,
                    -0.36693883728100524,
                    0.1221356144093014
                ],
                [
                    0.17587154764974977,
                    0.4364558799551497,
                    -0.8823692331330788,
                    -3.2960083568230734
                ],
                [
                    0.9297407467643505,
                    0.22091110812057804,
                    0.29458517633276476,
                    0.2437489020857648
                ],
                [
                    0.0,
                    0.0,
                    0.0,
                    1.0
                ]
            ],
            "colmap_im_id": 24
        },
        {
            "file_path": "images/frame_00025.png",
            "transform_matrix": [
                [
                    0.32408206217745994,
                    -0.8685460405719752,
                    -0.37496478818890433,
                    0.08476054473789987
                ],
                [
                    0.14650030295396677,
                    0.43765148475906884,
                    -0.8871295503603621,
                    -3.268194159327967
                ],
                [
                    0.9346167547231329,
                    0.23257031903260453,
                    0.26907725376900893,
                    0.06301160448947497
                ],
                [
                    0.0,
                    0.0,
                    0.0,
                    1.0
                ]
            ],
            "colmap_im_id": 25
        },
        {
            "file_path": "images/frame_00026.png",
            "transform_matrix": [
                [
                    0.31286754425412006,
                    -0.8613139374098422,
                    -0.4003151270885856,
                    0.03774057148398363
                ],
                [
                    0.08711916816730121,
                    0.4457217874074573,
                    -0.8909221844628958,
                    -3.2770823036724774
                ],
                [
                    0.9457928685976826,
                    0.24386551509767754,
                    0.2144888348047766,
                    -0.09799669754617923
                ],
                [
                    0.0,
                    0.0,
                    0.0,
                    1.0
                ]
            ],
            "colmap_im_id": 26
        },
        {
            "file_path": "images/frame_00027.png",
            "transform_matrix": [
                [
                    0.29364861801808495,
                    -0.8571948082121441,
                    -0.4230692022709926,
                    -0.06416591877278757
                ],
                [
                    0.004532784052280644,
                    0.4438247423156871,
                    -0.8961021437186436,
                    -3.2463841201557675
                ],
                [
                    0.9559026849030207,
                    0.26122147477295826,
                    0.13421400117959606,
                    -0.32598310175608874
                ],
                [
                    0.0,
                    0.0,
                    0.0,
                    1.0
                ]
            ],
            "colmap_im_id": 27
        },
        {
            "file_path": "images/frame_00028.png",
            "transform_matrix": [
                [
                    0.288629827763332,
                    -0.8523022694286421,
                    -0.43620369559655864,
                    -0.19579814648723914
                ],
                [
                    -0.04120029824500001,
                    0.4441150486160701,
                    -0.895021988007707,
                    -3.294215950666149
                ],
                [
                    0.9565538970438789,
                    0.27630176459720923,
                    0.09306974229380985,
                    -0.5224301402519054
                ],
                [
                    0.0,
                    0.0,
                    0.0,
                    1.0
                ]
            ],
            "colmap_im_id": 28
        },
        {
            "file_path": "images/frame_00029.png",
            "transform_matrix": [
                [
                    0.2839799995398091,
                    -0.8420283261237581,
                    -0.4586323776911004,
                    -0.30851314634089194
                ],
                [
                    -0.09280085675771747,
                    0.4519423221406954,
                    -0.8872069310161577,
                    -3.355195989565683
                ],
                [
                    0.954328748831556,
                    0.29451050144824714,
                    0.050201630354983554,
                    -0.7116524630745601
                ],
                [
                    0.0,
                    0.0,
                    0.0,
                    1.0
                ]
            ],
            "colmap_im_id": 29
        },
        {
            "file_path": "images/frame_00030.png",
            "transform_matrix": [
                [
                    0.28221523349736855,
                    -0.8317329844741167,
                    -0.4780949743720431,
                    -0.36916256487709703
                ],
                [
                    -0.14598178984645754,
                    0.4553177397876413,
                    -0.8782796097302373,
                    -3.373465716197268
                ],
                [
                    0.9481792441386017,
                    0.31765704521142396,
                    0.007079732501795912,
                    -0.8605370501898827
                ],
                [
                    0.0,
                    0.0,
                    0.0,
                    1.0
                ]
            ],
            "colmap_im_id": 30
        },
        {
            "file_path": "images/frame_00031.png",
            "transform_matrix": [
                [
                    0.2728500333477605,
                    -0.813655250796258,
                    -0.5133400356038914,
                    -0.3825810839044473
                ],
                [
                    -0.21552273313864653,
                    0.4683285027726838,
                    -0.8568654299195086,
                    -3.305391250110771
                ],
                [
                    0.9376048265674477,
                    0.3444322086309218,
                    -0.04757775588498695,
                    -1.09556684250094
                ],
                [
                    0.0,
                    0.0,
                    0.0,
                    1.0
                ]
            ],
            "colmap_im_id": 31
        },
        {
            "file_path": "images/frame_00032.png",
            "transform_matrix": [
                [
                    0.23812330913012766,
                    -0.7875778505558371,
                    -0.5683470937400535,
                    -0.461615899482891
                ],
                [
                    -0.31109809298174496,
                    0.4924973254416149,
                    -0.8128126235338481,
                    -3.036606392255557
                ],
                [
                    0.9200626425369299,
                    0.3703613286328685,
                    -0.12773887451068774,
                    -1.3423421737306722
                ],
                [
                    0.0,
                    0.0,
                    0.0,
                    1.0
                ]
            ],
            "colmap_im_id": 32
        },
        {
            "file_path": "images/frame_00033.png",
            "transform_matrix": [
                [
                    0.2396301663664964,
                    -0.7899118796213308,
                    -0.5644613412805712,
                    -0.4933433931484339
                ],
                [
                    -0.3450419094201787,
                    0.47415377138885256,
                    -0.8100149886399665,
                    -2.838387207984539
                ],
                [
                    0.9074819359694398,
                    0.3888668454764743,
                    -0.1589311560970138,
                    -1.4920350631447252
                ],
                [
                    0.0,
                    0.0,
                    0.0,
                    1.0
                ]
            ],
            "colmap_im_id": 33
        },
        {
            "file_path": "images/frame_00034.png",
            "transform_matrix": [
                [
                    0.23027185459792307,
                    -0.7885025539302005,
                    -0.5702969361881441,
                    -0.5242142248127756
                ],
                [
                    -0.3821158758321773,
                    0.4657093284303848,
                    -0.7981868696301184,
                    -2.778296243164684
                ],
                [
                    0.8949649883749868,
                    0.4017194840413783,
                    -0.19405959322972904,
                    -1.5867642459805953
                ],
                [
                    0.0,
                    0.0,
                    0.0,
                    1.0
                ]
            ],
            "colmap_im_id": 34
        },
        {
            "file_path": "images/frame_00035.png",
            "transform_matrix": [
                [
                    0.2157446001021456,
                    -0.7845315045060678,
                    -0.5813472163554333,
                    -0.5520047383904484
                ],
                [
                    -0.42317119581329327,
                    0.4614314485438768,
                    -0.7797481371113663,
                    -2.7736025251982834
                ],
                [
                    0.8799888672936221,
                    0.414235846749343,
                    -0.23243979157438216,
                    -1.7275980779604003
                ],
                [
                    0.0,
                    0.0,
                    0.0,
                    1.0
                ]
            ],
            "colmap_im_id": 35
        },
        {
            "file_path": "images/frame_00036.png",
            "transform_matrix": [
                [
                    0.17730932343319686,
                    -0.7880984655257203,
                    -0.5894592542828271,
                    -0.6488640169584271
                ],
                [
                    -0.4939755569737248,
                    0.4467695704402441,
                    -0.7459122602834315,
                    -2.687825115557698
                ],
                [
                    0.8512047655741594,
                    0.423435661659058,
                    -0.3100849681929058,
                    -1.96018638943278
                ],
                [
                    0.0,
                    0.0,
                    0.0,
                    1.0
                ]
            ],
            "colmap_im_id": 36
        },
        {
            "file_path": "images/frame_00037.png",
            "transform_matrix": [
                [
                    0.1673474233899201,
                    -0.7853710313217286,
                    -0.5959758242121898,
                    -0.8511115056461621
                ],
                [
                    -0.534913311329877,
                    0.4354597952803214,
                    -0.7240459350459237,
                    -2.596890759378139
                ],
                [
                    0.8281682131347834,
                    0.4399626232477761,
                    -0.3472323442568025,
                    -2.2390792476906247
                ],
                [
                    0.0,
                    0.0,
                    0.0,
                    1.0
                ]
            ],
            "colmap_im_id": 37
        },
        {
            "file_path": "images/frame_00038.png",
            "transform_matrix": [
                [
                    0.15911868501889953,
                    -0.7780066800748674,
                    -0.6077720377219891,
                    -0.9566653072389276
                ],
                [
                    -0.5740261614822867,
                    0.42795295270196004,
                    -0.6981047458709796,
                    -2.5804248772384213
                ],
                [
                    0.8032279937924021,
                    0.45995855903826455,
                    -0.37850087708706254,
                    -2.4803986506728917
                ],
                [
                    0.0,
                    0.0,
                    0.0,
                    1.0
                ]
            ],
            "colmap_im_id": 38
        },
        {
            "file_path": "images/frame_00039.png",
            "transform_matrix": [
                [
                    0.1398078001572615,
                    -0.7601377233856135,
                    -0.6345426861144361,
                    -0.9992566352229615
                ],
                [
                    -0.628386670394273,
                    0.4271423773875996,
                    -0.6501381252552939,
                    -2.5522856080858274
                ],
                [
                    0.7652345859185836,
                    0.48963254684079766,
                    -0.41794257690286535,
                    -2.674373775533188
                ],
                [
                    0.0,
                    0.0,
                    0.0,
                    1.0
                ]
            ],
            "colmap_im_id": 39
        },
        {
            "file_path": "images/frame_00040.png",
            "transform_matrix": [
                [
                    0.12460640716576024,
                    -0.7452204473886346,
                    -0.6550723075257602,
                    -0.9931057811879812
                ],
                [
                    -0.67818342492211,
                    0.4179510394795423,
                    -0.6044701570457277,
                    -2.420023640556757
                ],
                [
                    0.7242516727313493,
                    0.519580035597841,
                    -0.45331677793127056,
                    -2.910017578746988
                ],
                [
                    0.0,
                    0.0,
                    0.0,
                    1.0
                ]
            ],
            "colmap_im_id": 40
        },
        {
            "file_path": "images/frame_00041.png",
            "transform_matrix": [
                [
                    0.10816714442993693,
                    -0.7307339871453621,
                    -0.6740383586239843,
                    -1.0882703903095077
                ],
                [
                    -0.7267365296608366,
                    0.40452220107132075,
                    -0.5551718700519123,
                    -2.1683896395289444
                ],
                [
                    0.678346434591055,
                    0.5498996534560243,
                    -0.4872950705748491,
                    -3.102375937466955
                ],
                [
                    0.0,
                    0.0,
                    0.0,
                    1.0
                ]
            ],
            "colmap_im_id": 41
        },
        {
            "file_path": "images/frame_00042.png",
            "transform_matrix": [
                [
                    0.08189665438512189,
                    -0.7168877498383873,
                    -0.6923618216887597,
                    -1.1311228021248632
                ],
                [
                    -0.7834860311586933,
                    0.38305750924372634,
                    -0.48930213936911315,
                    -1.912389826463739
                ],
                [
                    0.6159891045949777,
                    0.5825280239985425,
                    -0.5303004094630049,
                    -3.235324532333935
                ],
                [
                    0.0,
                    0.0,
                    0.0,
                    1.0
                ]
            ],
            "colmap_im_id": 42
        },
        {
            "file_path": "images/frame_00043.png",
            "transform_matrix": [
                [
                    0.04230480015282263,
                    -0.7054922023896456,
                    -0.7074539251791857,
                    -1.1383368747831006
                ],
                [
                    -0.8355006085568859,
                    0.3632987998524625,
                    -0.4122532172425498,
                    -1.781849390831396
                ],
                [
                    0.5478585921431754,
                    0.6085184749809718,
                    -0.5740698813051676,
                    -3.284629289021471
                ],
                [
                    0.0,
                    0.0,
                    0.0,
                    1.0
                ]
            ],
            "colmap_im_id": 43
        },
        {
            "file_path": "images/frame_00044.png",
            "transform_matrix": [
                [
                    0.013198129036174417,
                    -0.7054002109212272,
                    -0.7086863564527204,
                    -1.1651729065393919
                ],
                [
                    -0.8766754804622464,
                    0.3327042179852584,
                    -0.34748813690701164,
                    -1.641374559471539
                ],
                [
                    0.4809011450872548,
                    0.6258741453096665,
                    -0.6140159956276877,
                    -3.3904462111219416
                ],
                [
                    0.0,
                    0.0,
                    0.0,
                    1.0
                ]
            ],
            "colmap_im_id": 44
        },
        {
            "file_path": "images/frame_00045.png",
            "transform_matrix": [
                [
                    -0.035589879956645365,
                    -0.7155236658605042,
                    -0.6976813341621065,
                    -1.1947911491443182
                ],
                [
                    -0.9183659032344869,
                    0.2987411874969631,
                    -0.25953375631930464,
                    -1.4550695383420946
                ],
                [
                    0.394128694998189,
                    0.631489973385524,
                    -0.6677447006847554,
                    -3.5405353460645883
                ],
                [
                    0.0,
                    0.0,
                    0.0,
                    1.0
                ]
            ],
