{
    "w": 3840,
    "h": 2160,
    "fl_x": 1676.7958210516501,
    "fl_y": 1675.8103561725898,
    "cx": 1920.0,
    "cy": 1080.0,
    "k1": -0.001726094489942231,
    "k2": 0.0008174401549807122,
    "p1": -0.00032328214799312306,
    "p2": -0.0004372115995716493,
    "camera_model": "OPENCV",
    "frames": [
        {
            "file_path": "images/frame_00001.png",
            "transform_matrix": [
                [
                    -0.023028788410356254,
                    -0.9806612742607725,
                    0.19435313238944346,
                    2.0616836910624423
                ],
                [
                    0.9912241129034924,
                    -0.04770965242305842,
                    -0.12328238748643318,
                    -0.21801108504485883
                ],
                [
                    0.1301707835999889,
                    0.18980846722659253,
                    0.9731537971287253,
                    2.827028793977582
                ],
                [
                    0.0,
                    0.0,
                    0.0,
                    1.0
                ]
            ],
            "colmap_im_id": 1
        },
        {
            "file_path": "images/frame_00002.png",
            "transform_matrix": [
                [
                    -0.02667391143326059,
                    -0.9798947579441605,
                    0.19772396365237535,
                    2.07045402030822
                ],
                [
                    0.9927911665092332,
                    -0.049088412230836244,
                    -0.10934362114861418,
                    -0.23222537582464692
                ],
                [
                    0.11685119661384195,
                    0.19338198245496085,
                    0.9741402397559105,
                    2.863159191659775
                ],
                [
                    0.0,
                    0.0,
                    0.0,
                    1.0
                ]
            ],
            "colmap_im_id": 2
        },
        {
            "file_path": "images/frame_00003.png",
            "transform_matrix": [
                [
                    -0.0321662505905653,
                    -0.9793537819574427,
                    0.1995783106667632,
                    2.0959005768359713
                ],
                [
                    0.9941714982125217,
                    -0.051908801260619024,
                    -0.09449078523091914,
                    -0.23750410506456704
                ],
                [
                    0.1028997787403602,
                    0.19537565385006306,
                    0.9753153281979348,
                    2.898308223126952
                ],
                [
                    0.0,
                    0.0,
                    0.0,
                    1.0
                ]
            ],
            "colmap_im_id": 3
        },
        {
            "file_path": "images/frame_00004.png",
            "transform_matrix": [
                [
                    -0.03683528549737926,
                    -0.9782917487538254,
                    0.20393238110341547,
                    2.1058587234667696
                ],
                [
                    0.9947496672042809,
                    -0.05539289908546474,
                    -0.08605071950820709,
                    -0.27745796394149697
                ],
                [
                    0.09547911467592884,
                    0.1996919654144594,
                    0.9751958047539022,
                    2.9063701610913313
                ],
                [
                    0.0,
                    0.0,
                    0.0,
                    1.0
                ]
            ],
            "colmap_im_id": 4
        },
        {
            "file_path": "images/frame_00005.png",
            "transform_matrix": [
                [
                    -0.03796144985885241,
                    -0.978329825308949,
                    0.20354282408273533,
                    2.099726996673161
                ],
                [
                    0.9943114374156852,
                    -0.05726610973737055,
                    -0.08980733878643439,
                    -0.32339158600098417
                ],
                [
                    0.0995173037665702,
                    0.1989757412010543,
                    0.974938439422984,
                    2.8700821626593207
                ],
                [
                    0.0,
                    0.0,
                    0.0,
                    1.0
                ]
            ],
            "colmap_im_id": 5
        },
        {
            "file_path": "images/frame_00006.png",
            "transform_matrix": [
                [
                    -0.033751563414467924,
                    -0.9778587194340129,
                    0.20652640701361194,
                    2.085482497472287
                ],
                [
                    0.9921838301453103,
                    -0.05762269406658641,
                    -0.11068365880603505,
                    -0.4408897409098494
                ],
                [
                    0.12013358883035728,
                    0.2011764150077775,
                    0.9721604656019279,
                    2.758338093185013
                ],
                [
                    0.0,
                    0.0,
                    0.0,
                    1.0
                ]
            ],
            "colmap_im_id": 6
        },
        {
            "file_path": "images/frame_00007.png",
            "transform_matrix": [
                [
                    -0.022658237485961644,
                    -0.9772190924361224,
                    0.21102002192292432,
                    2.006932127217885
                ],
                [
                    0.9880504316657119,
                    -0.054076586186142195,
                    -0.14433318160303094,
                    -0.5959597949030887
                ],
                [
                    0.1524563831370485,
                    0.20522808824518743,
                    0.9667670262457214,
                    2.638023103216948
                ],
                [
                    0.0,
                    0.0,
                    0.0,
                    1.0
                ]
            ],
            "colmap_im_id": 7
        },
        {
            "file_path": "images/frame_00008.png",
            "transform_matrix": [
                [
                    -0.005191048015027022,
                    -0.9761145089900677,
                    0.21719465545815073,
                    1.9740036615744896
                ],
                [
                    0.9809190340223831,
                    -0.04718285526947187,
                    -0.1886044189864461,
                    -0.7227867356773995
                ],
                [
                    0.19434737382609657,
                    0.21207131703202858,
                    0.9577342297209599,
                    2.5341888605803264
                ],
                [
                    0.0,
                    0.0,
                    0.0,
                    1.0
                ]
            ],
            "colmap_im_id": 8
        },
        {
            "file_path": "images/frame_00009.png",
            "transform_matrix": [
                [
                    0.023375956728665402,
                    -0.9762063039420592,
                    0.21558018645228819,
                    1.9633175608481175
                ],
                [
                    0.9660294871417106,
                    -0.03345813292417269,
                    -0.2562568697887952,
                    -0.9292450199671297
                ],
                [
                    0.25737248225041987,
                    0.2142470664560245,
                    0.9422619592741951,
                    2.5099383988905473
                ],
                [
                    0.0,
                    0.0,
                    0.0,
                    1.0
                ]
            ],
            "colmap_im_id": 9
        },
        {
            "file_path": "images/frame_00010.png",
            "transform_matrix": [
                [
                    0.053884055055086776,
                    -0.9763304087824091,
                    0.20946465453053073,
                    1.980102371082619
                ],
                [
                    0.9474853842861415,
                    -0.016230084321001235,
                    -0.3193869611099924,
                    -1.21117856189903
                ],
                [
                    0.31522683130559015,
                    0.21567456328855147,
                    0.924184249798345,
                    2.5446730923537664
                ],
                [
                    0.0,
                    0.0,
                    0.0,
                    1.0
                ]
            ],
            "colmap_im_id": 10
        },
        {
            "file_path": "images/frame_00011.png",
            "transform_matrix": [
                [
                    0.09255333119842937,
                    -0.9750933259394227,
                    0.20156112371305354,
                    1.9529934492289307
                ],
                [
                    0.9156607926872239,
                    0.0038286177416711957,
                    -0.40193364430163425,
                    -1.4698891601756923
                ],
                [
                    0.3911511135347544,
                    0.22176191601486311,
                    0.8932090790995906,
                    2.6467262071953725
                ],
                [
                    0.0,
                    0.0,
                    0.0,
                    1.0
                ]
            ],
            "colmap_im_id": 11
        },
        {
            "file_path": "images/frame_00012.png",
            "transform_matrix": [
                [
                    0.13662082214326637,
                    -0.9757388424208433,
                    0.17108028041867063,
                    1.9355677910741986
                ],
                [
                    0.872345100624568,
                    0.03666608313606826,
                    -0.4875137164878244,
                    -1.7155565132192379
                ],
                [
                    0.4694132256053401,
                    0.21584556918939043,
                    0.8561903490977331,
                    2.6892101145758036
                ],
                [
                    0.0,
                    0.0,
                    0.0,
                    1.0
                ]
            ],
            "colmap_im_id": 12
        },
        {
            "file_path": "images/frame_00013.png",
            "transform_matrix": [
                [
                    0.1685115517153232,
                    -0.9728355292347112,
                    0.15872898285163056,
                    1.9253798109067526
                ],
                [
                    0.8436023069769708,
                    0.05904504919271683,
                    -0.5337123099844729,
                    -1.8924097619326214
                ],
                [
                    0.5098421369420407,
                    0.2238408256427967,
                    0.830636069632137,
                    2.6258946166814754
                ],
                [
                    0.0,
                    0.0,
                    0.0,
                    1.0
                ]
            ],
            "colmap_im_id": 13
        },
        {
            "file_path": "images/frame_00014.png",
            "transform_matrix": [
                [
                    0.20657241272049473,
                    -0.9692169055223463,
                    0.1339642801366122,
                    1.8766691480628483
                ],
                [
                    0.7982030470415621,
                    0.08775020931033158,
                    -0.5959629153391667,
                    -2.132585636515054
                ],
                [
                    0.5658619389890077,
                    0.23004019391332486,
                    0.7917586596860943,
                    2.4141853430358062
                ],
                [
                    0.0,
                    0.0,
                    0.0,
                    1.0
                ]
            ],
            "colmap_im_id": 14
        },
        {
            "file_path": "images/frame_00015.png",
            "transform_matrix": [
                [
                    0.23822626026187405,
                    -0.9647365016014994,
                    0.1119452160627785,
                    1.740474630203471
                ],
                [
                    0.7577628093485593,
                    0.11253421318395611,
                    -0.6427531218370292,
                    -2.319995567679455
                ],
                [
                    0.6074897313451652,
                    0.23794859390374268,
                    0.7578500464929793,
                    2.191870824884406
                ],
                [
                    0.0,
                    0.0,
                    0.0,
                    1.0
                ]
            ],
            "colmap_im_id": 15
        },
        {
            "file_path": "images/frame_00016.png",
            "transform_matrix": [
                [
                    0.2709607547831291,
                    -0.9582859335292911,
                    0.09093040727530055,
                    1.620757194216637
                ],
                [
                    0.7093553218949606,
                    0.13492877913226212,
                    -0.6918159089390573,
                    -2.4794911962689854
                ],
                [
                    0.6506883252884239,
                    0.2519569291799142,
                    0.7163256306817268,
                    1.963537946506118
                ],
                [
                    0.0,
                    0.0,
                    0.0,
                    1.0
                ]
            ],
            "colmap_im_id": 16
        },
        {
            "file_path": "images/frame_00017.png",
            "transform_matrix": [
                [
                    0.30031505077980125,
                    -0.9522434903316107,
                    0.055165255335192676,
                    1.5308550508161922
                ],
                [
                    0.641485986535809,
                    0.15883091288996887,
                    -0.7505121386018477,
                    -2.5967287018509393
                ],
                [
                    0.705908350533768,
                    0.26077782925626697,
                    0.6585501684876286,
                    1.8257608135126357
                ],
                [
                    0.0,
                    0.0,
                    0.0,
                    1.0
                ]
            ],
            "colmap_im_id": 17
        },
        {
            "file_path": "images/frame_00018.png",
            "transform_matrix": [
                [
                    0.32633929638161074,
                    -0.9448566377383602,
                    0.027360514595245862,
                    1.4738186960355912
                ],
                [
                    0.5672887213793828,
                    0.17261585063951612,
                    -0.8052249839043379,
                    -2.7475423509074095
                ],
                [
                    0.7560993124139845,
                    0.27829786601725437,
                    0.59233784915143,
                    1.6820247782309747
                ],
                [
                    0.0,
                    0.0,
                    0.0,
                    1.0
                ]
            ],
            "colmap_im_id": 18
        },
        {
            "file_path": "images/frame_00019.png",
            "transform_matrix": [
                [
                    0.350612122884538,
                    -0.9365206252889775,
                    0.0005076364250623743,
                    1.3419231557938742
                ],
                [
                    0.47403048525596964,
                    0.1769987506014878,
                    -0.8625349507895331,
                    -2.924702137084375
                ],
                [
                    0.807691920434015,
                    0.3026558452993347,
                    0.5059972341542567,
                    1.5723213542262764
                ],
                [
                    0.0,
                    0.0,
                    0.0,
                    1.0
                ]
            ],
            "colmap_im_id": 19
        },
        {
            "file_path": "images/frame_00020.png",
            "transform_matrix": [
                [
                    0.36988154103721804,
                    -0.9289497531055261,
                    -0.01549199164455338,
                    1.2586291999351182
                ],
                [
                    0.4147057818950782,
                    0.17999949026420972,
                    -0.8919749424548967,
                    -3.1062603297305045
                ],
                [
                    0.8313884531689893,
                    0.3235004477737346,
                    0.4518193225477066,
                    1.5057307000676166
                ],
                [
                    0.0,
                    0.0,
                    0.0,
                    1.0
                ]
            ],
            "colmap_im_id": 20
        },
        {
            "file_path": "images/frame_00021.png",
            "transform_matrix": [
                [
                    0.39146090915978793,
                    -0.9198753313283352,
                    -0.024243172510579166,
                    1.1915917922919206
                ],
                [
                    0.3545168438031653,
                    0.17507498595890433,
                    -0.9185132316691641,
                    -3.2575604686578377
                ],
                [
                    0.8491620363980213,
                    0.3509674117422798,
                    0.39464631232952213,
                    1.3986956838196858
                ],
                [
                    0.0,
                    0.0,
                    0.0,
                    1.0
                ]
            ],
            "colmap_im_id": 21
        },
        {
            "file_path": "images/frame_00022.png",
            "transform_matrix": [
                [
                    0.4076092871567382,
                    -0.9126151249970694,
                    -0.031437281214497924,
                    1.146192510209575
                ],
                [
                    0.30982257946385544,
                    0.17059969306470352,
                    -0.9353639473384634,
                    -3.298308890276943
                ],
                [
                    0.8589904762440259,
                    0.3715230522495376,
                    0.3522867913635831,
                    1.2661378290994918
                ],
                [
                    0.0,
                    0.0,
                    0.0,
                    1.0
                ]
            ],
            "colmap_im_id": 22
        },
        {
            "file_path": "images/frame_00023.png",
            "transform_matrix": [
                [
                    0.42910796666509615,
                    -0.9021006138026313,
                    -0.04561617609426306,
                    1.0813060561361505
                ],
                [
                    0.2620067797405488,
                    0.17264334883067503,
                    -0.9494981419015612,
                    -3.327223155724583
                ],
                [
                    0.8644181860156194,
                    0.39548546962113024,
                    0.3104391131993838,
                    0.9964486306780411
                ],
                [
                    0.0,
                    0.0,
                    0.0,
                    1.0
                ]
            ],
            "colmap_im_id": 23
        },
        {
            "file_path": "images/frame_00024.png",
            "transform_matrix": [
                [
                    0.4480652149150595,
                    -0.8912610999635798,
                    -0.06993722095444836,
                    0.9382597313901465
                ],
                [
                    0.23448311000229885,
                    0.19265137008911104,
                    -0.9528395041802362,
                    -3.333144171583083
                ],
                [
                    0.8627022860215285,
                    0.4105351401457593,
                    0.2953060520861882,
                    0.6916686466979817
                ],
                [
                    0.0,
                    0.0,
                    0.0,
                    1.0
                ]
            ],
            "colmap_im_id": 24
        },
        {
            "file_path": "images/frame_00025.png",
            "transform_matrix": [
                [
                    0.4630595890882899,
                    -0.8792527958325974,
                    -0.11176018062773943,
                    0.7891396565914172
                ],
                [
                    0.18582131878474495,
                    0.21959831978460875,
                    -0.9577301370599522,
                    -3.27768056902207
                ],
                [
                    0.8666292485477756,
                    0.42271869957258523,
                    0.2650710217907271,
                    0.4394058011608601
                ],
                [
                    0.0,
                    0.0,
                    0.0,
                    1.0
                ]
            ],
            "colmap_im_id": 25
        },
        {
            "file_path": "images/frame_00026.png",
            "transform_matrix": [
                [
                    0.47287626313098335,
                    -0.8683875246924558,
                    -0.14930219933338695,
                    0.6280340330365957
                ],
                [
                    0.13600601160488937,
                    0.23934855577322045,
                    -0.96136082386199,
                    -3.2661350393721413
                ],
                [
                    0.8705690119540251,
                    0.43429871725320923,
                    0.23128817440070162,
                    0.22681726208909753
                ],
                [
                    0.0,
                    0.0,
                    0.0,
                    1.0
                ]
            ],
            "colmap_im_id": 26
        },
        {
            "file_path": "images/frame_00027.png",
            "transform_matrix": [
                [
                    0.4759822975403266,
                    -0.8623157254249714,
                    -0.17277859275106175,
                    0.5551816732618888
                ],
                [
                    0.09638359112190545,
                    0.24642612591764756,
                    -0.964356971161439,
                    -3.2458022239926674
                ],
                [
                    0.8741573404088514,
                    0.44236382554411585,
                    0.20040755988559347,
                    0.04696502553841195
                ],
                [
                    0.0,
                    0.0,
                    0.0,
                    1.0
                ]
            ],
            "colmap_im_id": 27
        },
        {
            "file_path": "images/frame_00028.png",
            "transform_matrix": [
                [
                    0.47242621402777535,
                    -0.8588445092881786,
                    -0.19798884101112912,
                    0.40077347597132273
                ],
                [
                    0.048881563919503004,
                    0.2498233258748892,
                    -0.9670568228173525,
                    -3.3008738294398747
                ],
                [
                    0.8800136731938693,
                    0.4471849893660973,
                    0.1600047507965854,
                    -0.24717085575587203
                ],
                [
                    0.0,
                    0.0,
                    0.0,
                    1.0
                ]
            ],
            "colmap_im_id": 28
        },
        {
            "file_path": "images/frame_00029.png",
            "transform_matrix": [
                [
                    0.46513209333287037,
                    -0.8597207239843487,
                    -0.2110270421145344,
                    0.2731982644150382
                ],
                [
                    0.022964797070110884,
                    0.2500219411060494,
                    -0.9679677923676444,
                    -3.402339010138511
                ],
                [
                    0.884943361943187,
                    0.4453866923442937,
                    0.13603654080907382,
                    -0.4625036892094922
                ],
                [
                    0.0,
                    0.0,
                    0.0,
                    1.0
                ]
            ],
            "colmap_im_id": 29
        },
        {
            "file_path": "images/frame_00030.png",
            "transform_matrix": [
                [
                    0.4577230244995897,
                    -0.8639498027325522,
                    -0.20995325956348462,
                    0.1591587545054237
                ],
                [
                    0.014225170733842505,
                    0.24322875007556405,
                    -0.9698646398618065,
                    -3.5137104820324807
                ],
                [
                    0.8889810331838025,
                    0.44094275534933414,
                    0.12362123257918212,
                    -0.6600409977642709
                ],
                [
                    0.0,
                    0.0,
                    0.0,
                    1.0
                ]
            ],
            "colmap_im_id": 30
        },
        {
            "file_path": "images/frame_00031.png",
            "transform_matrix": [
                [
                    0.4484685709776545,
                    -0.8663815306486037,
                    -0.21967927575500398,
                    0.00946654803588007
                ],
                [
                    0.00733575850205658,
                    0.2493412024851638,
                    -0.9683879136949467,
                    -3.59413100230989
                ],
                [
                    0.8937684977064584,
                    0.43268002969195973,
                    0.11817725844385175,
                    -0.8503331570758572
                ],
                [
                    0.0,
                    0.0,
                    0.0,
                    1.0
                ]
            ],
            "colmap_im_id": 31
        },
        {
            "file_path": "images/frame_00032.png",
            "transform_matrix": [
                [
                    0.43557986685544436,
                    -0.8584314722475586,
                    -0.270860825969874,
                    -0.060670466579991075
                ],
                [
                    -0.025054242978995975,
                    0.2892279304823024,
                    -0.9569323325803524,
                    -3.6090467560670763
                ],
                [
                    0.8998013472422356,
                    0.42360667096236054,
                    0.1044745127638494,
                    -1.0490121546929954
                ],
                [
                    0.0,
                    0.0,
                    0.0,
                    1.0
                ]
            ],
            "colmap_im_id": 32
        },
        {
            "file_path": "images/frame_00033.png",
            "transform_matrix": [
                [
                    0.4290078462835593,
                    -0.8516682272816727,
                    -0.30102076085551804,
                    -0.11271615900961374
                ],
                [
                    -0.05645249909721309,
                    0.3073152482765067,
                    -0.949931815196453,
                    -3.5605834253616258
                ],
                [
                    0.9015350149455211,
                    0.42452157638410093,
                    0.08376185296145777,
                    -1.2879915890503086
                ],
                [
                    0.0,
                    0.0,
                    0.0,
                    1.0
                ]
            ],
            "colmap_im_id": 33
        },
        {
            "file_path": "images/frame_00034.png",
            "transform_matrix": [
                [
                    0.4194516160485479,
                    -0.8364052908705781,
                    -0.35282648879862333,
                    -0.2335239934644887
                ],
                [
                    -0.1223101436164212,
                    0.33305477553699575,
                    -0.9349410383871979,
                    -3.418783429399215
                ],
                [
                    0.8995001781894165,
                    0.4353167879782549,
                    0.037399512583764276,
                    -1.5538294488093143
                ],
                [
                    0.0,
                    0.0,
                    0.0,
                    1.0
                ]
            ],
            "colmap_im_id": 34
        },
        {
            "file_path": "images/frame_00035.png",
            "transform_matrix": [
                [
                    0.40994114162255774,
                    -0.8211628062090668,
                    -0.39703892265626156,
                    -0.3468072466119977
                ],
                [
                    -0.2067492685638418,
                    0.34030983842029056,
                    -0.9173025421433605,
                    -3.2464188193093615
                ],
                [
                    0.8883709812648712,
                    0.4581275581900815,
                    -0.030267805888154177,
                    -1.7805990319679672
                ],
                [
                    0.0,
                    0.0,
                    0.0,
                    1.0
                ]
            ],
            "colmap_im_id": 35
        },
        {
            "file_path": "images/frame_00036.png",
            "transform_matrix": [
                [
                    0.39843456991206944,
                    -0.8070318336108511,
                    -0.43583197798887113,
                    -0.44400846707274666
                ],
                [
                    -0.29296651236383203,
                    0.33830596894499165,
                    -0.8942704814593636,
                    -3.1534062567996566
                ],
                [
                    0.8691493060069463,
                    0.4839924492333511,
                    -0.10164050842427572,
                    -1.953351174804949
                ],
                [
                    0.0,
                    0.0,
                    0.0,
                    1.0
                ]
            ],
            "colmap_im_id": 36
        },
        {
            "file_path": "images/frame_00037.png",
            "transform_matrix": [
                [
                    0.3842002083639982,
                    -0.7953777363579823,
                    -0.468790418416495,
                    -0.5570291141771637
                ],
                [
                    -0.38699721492650146,
                    0.3222610902049253,
                    -0.8639334148990093,
                    -3.070423240993401
                ],
                [
                    0.8382263152229181,
                    0.513343984328233,
                    -0.18399619078074264,
                    -2.2315489498030887
                ],
                [
                    0.0,
                    0.0,
                    0.0,
                    1.0
                ]
            ],
            "colmap_im_id": 37
        },
        {
            "file_path": "images/frame_00038.png",
            "transform_matrix": [
                [
                    0.35886297672233836,
                    -0.7903673471188447,
                    -0.4965247431360317,
                    -0.7705945963161547
                ],
                [
                    -0.4827279162111288,
                    0.2981347897622665,
                    -0.8234618424941561,
                    -3.0115767207893884
                ],
                [
                    0.798868651812326,
                    0.5351963226160368,
                    -0.2745428443974223,
                    -2.5086517282802787
                ],
                [
                    0.0,
                    0.0,
                    0.0,
                    1.0
                ]
            ],
            "colmap_im_id": 38
        },
        {
            "file_path": "images/frame_00039.png",
            "transform_matrix": [
                [
                    0.3497217379101357,
                    -0.7850050161675491,
                    -0.5113333850091352,
                    -0.9077309250052646
                ],
                [
                    -0.535583372399747,
                    0.28028920875235935,
                    -0.7966105765465896,
                    -2.965742147761806
                ],
                [
                    0.7686645284140722,
                    0.5524536940312395,
                    -0.3224124047074018,
                    -2.6889755203557186
                ],
                [
                    0.0,
                    0.0,
                    0.0,
                    1.0
                ]
            ],
            "colmap_im_id": 39
        },
        {
            "file_path": "images/frame_00040.png",
            "transform_matrix": [
                [
                    0.33813976018257513,
                    -0.7778813541860736,
                    -0.529681131807912,
                    -1.0169592846299356
                ],
                [
                    -0.5853989185358461,
                    0.26683369169618043,
                    -0.7655768329520227,
                    -2.916701476486389
                ],
                [
                    0.7368647153723211,
                    0.5689467284249271,
                    -0.36514382297094927,
                    -2.8796285242597826
                ],
                [
                    0.0,
                    0.0,
                    0.0,
                    1.0
                ]
            ],
            "colmap_im_id": 40
        },
        {
            "file_path": "images/frame_00041.png",
            "transform_matrix": [
                [
                    0.31918356173640494,
                    -0.7693078376750299,
                    -0.5534322946928851,
                    -1.0584883737328858
                ],
                [
                    -0.6357987231455438,
                    0.2592225785246544,
                    -0.7270238224635598,
                    -2.8045965222957285
                ],
                [
                    0.702767271266782,
                    0.5839255994343793,
                    -0.4063853550036491,
                    -3.0800995584606476
                ],
                [
                    0.0,
                    0.0,
                    0.0,
                    1.0
                ]
            ],
            "colmap_im_id": 41
        },
        {
            "file_path": "images/frame_00042.png",
            "transform_matrix": [
                [
                    0.2851459085929094,
                    -0.7523940330663116,
                    -0.5937971285034428,
                    -1.1359000454922399
                ],
                [
                    -0.6981385869721926,
                    0.26144164432559874,
                    -0.6665214025016735,
                    -2.557070530167439
                ],
                [
                    0.6567300238250074,
                    0.6046085391544984,
                    -0.4507262918759768,
                    -3.2674295272972316
                ],
                [
                    0.0,
                    0.0,
                    0.0,
                    1.0
                ]
            ],
            "colmap_im_id": 42
        },
        {
            "file_path": "images/frame_00043.png",
            "transform_matrix": [
                [
                    0.25684420402018227,
                    -0.7449818287279392,
                    -0.6156566654608839,
                    -1.2065228901470904
                ],
                [
                    -0.7464439484653935,
                    0.25171911115817974,
                    -0.616002370837263,
                    -2.33407374252469
                ],
                [
                    0.6138831213355127,
                    0.6177698308779019,
                    -0.4914345830285619,
                    -3.359487238645407
                ],
                [
                    0.0,
                    0.0,
                    0.0,
                    1.0
                ]
            ],
            "colmap_im_id": 43
        },
        {
            "file_path": "images/frame_00044.png",
            "transform_matrix": [
                [
                    0.22447973469342913,
                    -0.7392116302506664,
                    -0.6349606400511136,
                    -1.270808078821605
                ],
                [
                    -0.7984423018396892,
                    0.23402676388015303,
                    -0.554726386987965,
                    -2.1647028881970467
                ],
                [
                    0.5586579806508685,
                    0.6315042671985164,
                    -0.5376835697370329,
                    -3.4697730749178044
                ],
                [
                    0.0,
                    0.0,
                    0.0,
                    1.0
                ]
            ],
            "colmap_im_id": 44
        },
        {
            "file_path": "images/frame_00045.png",
            "transform_matrix": [
                [
                    0.18517153475853929,
                    -0.7360454959500329,
                    -0.6511133008984206,
                    -1.3211953223506987
                ],
                [
                    -0.8478881161728735,
                    0.21528369195488017,
                    -0.48449837402316653,
                    -2.0405903177556093
                ],
                [
                    0.4967869212932069,
                    0.6417865376197494,
                    -0.5842198173308322,
                    -3.598574605193525
                ],
                [
                    0.0,
                    0.0,
                    0.0,
                    1.0
                ]
