{
    "w": 1920,
    "h": 1080,
    "fl_x": 880.5893375480041,
    "fl_y": 879.3551351285818,
    "cx": 960.0,
    "cy": 540.0,
    "k1": -0.002544687481799141,
    "k2": 0.000601042219855661,
    "p1": -0.000643838305091593,
    "p2": -0.0004812231834540258,
    "camera_model": "OPENCV",
    "frames": [
        {
            "file_path": "images/frame_00001.png",
            "transform_matrix": [
                [
                    -0.09965481908208869,
                    -0.9594106939813458,
                    0.2638181898731564,
                    2.709372713720162
                ],
                [
                    0.994957525492726,
                    -0.09910185936832029,
                    0.015438391598004033,
                    0.7743016899691317
                ],
                [
                    0.011333115154617539,
                    0.2640264034977833,
                    0.9644488678809873,
                    2.0122194833660934
                ],
                [
                    0.0,
                    0.0,
                    0.0,
                    1.0
                ]
            ],
            "colmap_im_id": 1
        },
        {
            "file_path": "images/frame_00002.png",
            "transform_matrix": [
                [
                    -0.09593467560923123,
                    -0.9628449912119325,
                    0.25244021255308224,
                    2.7319696300000627
                ],
                [
                    0.995317531283865,
                    -0.0958015147377373,
                    0.012848412078839893,
                    0.76638084945281
                ],
                [
                    0.011813125528163769,
                    0.2524907773999852,
                    0.967527186901333,
                    2.0611455365078646
                ],
                [
                    0.0,
                    0.0,
                    0.0,
                    1.0
                ]
            ],
            "colmap_im_id": 2
        },
        {
            "file_path": "images/frame_00003.png",
            "transform_matrix": [
                [
                    -0.08776799650967416,
                    -0.9638151848824955,
                    0.25170829978091425,
                    2.7612315555960336
                ],
                [
                    0.9959226790707958,
                    -0.09019053849947177,
                    0.0019193951192361203,
                    0.7492144665379246
                ],
                [
                    0.020851764940318006,
                    0.25085046572628894,
                    0.9678012439255168,
                    2.1094388095507925
                ],
                [
                    0.0,
                    0.0,
                    0.0,
                    1.0
                ]
            ],
            "colmap_im_id": 3
        },
        {
            "file_path": "images/frame_00004.png",
            "transform_matrix": [
                [
                    -0.08026567876882479,
                    -0.9622748598300717,
                    0.25997021935367076,
                    2.7736987399081294
                ],
                [
                    0.9964937497594634,
                    -0.08364469039040814,
                    -0.0019422821155450072,
                    0.7085704168909571
                ],
                [
                    0.02361413775905081,
                    0.2589028001171649,
                    0.9656146812209248,
                    2.141909851880822
                ],
                [
                    0.0,
                    0.0,
                    0.0,
                    1.0
                ]
            ],
            "colmap_im_id": 4
        },
        {
            "file_path": "images/frame_00005.png",
            "transform_matrix": [
                [
                    -0.06085489756017268,
                    -0.9672633826551719,
                    0.24637010780006424,
                    2.7968102937725696
                ],
                [
                    0.9964119489183487,
                    -0.07341512620844935,
                    -0.042112317634340285,
                    0.6063987730643161
                ],
                [
                    0.058820995364572026,
                    0.24292337849262635,
                    0.9682604622135768,
                    2.1352286266272182
                ],
                [
                    0.0,
                    0.0,
                    0.0,
                    1.0
                ]
            ],
            "colmap_im_id": 5
        },
        {
            "file_path": "images/frame_00006.png",
            "transform_matrix": [
                [
                    -0.04261187253167402,
                    -0.9707200522271638,
                    0.23640390970421027,
                    2.840331368999452
                ],
                [
                    0.9956741069757319,
                    -0.060814837373174266,
                    -0.07024690920854174,
                    0.3974256793034557
                ],
                [
                    0.08256694869875658,
                    0.2323878993393727,
                    0.9691122552228976,
                    2.0655307265801697
                ],
                [
                    0.0,
                    0.0,
                    0.0,
                    1.0
                ]
            ],
            "colmap_im_id": 6
        },
        {
            "file_path": "images/frame_00007.png",
            "transform_matrix": [
                [
                    -0.02563150818367675,
                    -0.9725208351522578,
                    0.23140062874371206,
                    2.8435977802572077
                ],
                [
                    0.9940753659621447,
                    -0.04925414605815779,
                    -0.09689270294149958,
                    0.15808716113340482
                ],
                [
                    0.10562761275091913,
                    0.22754615859389235,
                    0.9680214631575608,
                    1.9927178459101116
                ],
                [
                    0.0,
                    0.0,
                    0.0,
                    1.0
                ]
            ],
            "colmap_im_id": 7
        },
        {
            "file_path": "images/frame_00008.png",
            "transform_matrix": [
                [
                    0.0007303798549310918,
                    -0.97393628187858,
                    0.22682060176667218,
                    2.7883109314352135
                ],
                [
                    0.9906876435249721,
                    -0.03017745248647262,
                    -0.1327678964522847,
                    -0.14347435581600482
                ],
                [
                    0.1361523393563453,
                    0.22480533846409093,
                    0.9648445990343937,
                    1.9413829305305197
                ],
                [
                    0.0,
                    0.0,
                    0.0,
                    1.0
                ]
            ],
            "colmap_im_id": 8
        },
        {
            "file_path": "images/frame_00009.png",
            "transform_matrix": [
                [
                    0.021556174539269952,
                    -0.9742851621270131,
                    0.22428498433549277,
                    2.7537607729485494
                ],
                [
                    0.9869228176795348,
                    -0.015108362583537378,
                    -0.16048392232099834,
                    -0.29391917539639056
                ],
                [
                    0.15974568314267654,
                    0.22481138814389293,
                    0.9612185789289008,
                    1.9019128187223222
                ],
                [
                    0.0,
                    0.0,
                    0.0,
                    1.0
                ]
            ],
            "colmap_im_id": 9
        },
        {
            "file_path": "images/frame_00010.png",
            "transform_matrix": [
                [
                    0.06013752360371125,
                    -0.9738132016956288,
                    0.21925174220088126,
                    2.7137413875638994
                ],
                [
                    0.9742259496378542,
                    0.009419776285958687,
                    -0.22537760950667535,
                    -0.42357749785705495
                ],
                [
                    0.2174103891423637,
                    0.22715438806686325,
                    0.9492805732105419,
                    1.838848326121027
                ],
                [
                    0.0,
                    0.0,
                    0.0,
                    1.0
                ]
            ],
            "colmap_im_id": 10
        },
        {
            "file_path": "images/frame_00011.png",
            "transform_matrix": [
                [
                    0.09152381160147799,
                    -0.9719119212355074,
                    0.21681930096336502,
                    2.7007018988264266
                ],
                [
                    0.961983039518147,
                    0.030031635158850357,
                    -0.27145300250524584,
                    -0.5324533427891587
                ],
                [
                    0.2573169710480917,
                    0.23342090362688342,
                    0.9377113938524182,
                    1.8077699365738822
                ],
                [
                    0.0,
                    0.0,
                    0.0,
                    1.0
                ]
            ],
            "colmap_im_id": 11
        },
        {
            "file_path": "images/frame_00012.png",
            "transform_matrix": [
                [
                    0.12988570143390216,
                    -0.9682092692264562,
                    0.2137767890744801,
                    2.693474535165194
                ],
                [
                    0.9422107836316701,
                    0.05337144437227984,
                    -0.3307420870312858,
                    -0.6929152167671613
                ],
                [
                    0.30881797838082103,
                    0.2443814639238995,
                    0.9191894017661402,
                    1.776455440916117
                ],
                [
                    0.0,
                    0.0,
                    0.0,
                    1.0
                ]
            ],
            "colmap_im_id": 12
        },
        {
            "file_path": "images/frame_00013.png",
            "transform_matrix": [
                [
                    0.16095950255225672,
                    -0.9645499128807989,
                    0.20913035193336482,
                    2.6696131045668166
                ],
                [
                    0.9265916503247229,
                    0.07471252497434855,
                    -0.3685728586866697,
                    -0.9034977993516481
                ],
                [
                    0.3398822620947385,
                    0.2531037419193963,
                    0.9057695864510814,
                    1.8192579274002738
                ],
                [
                    0.0,
                    0.0,
                    0.0,
                    1.0
                ]
            ],
            "colmap_im_id": 13
        },
        {
            "file_path": "images/frame_00014.png",
            "transform_matrix": [
                [
                    0.2050424949914075,
                    -0.9584171734786693,
                    0.19847946198248526,
                    2.673520754508227
                ],
                [
                    0.8955538606421017,
                    0.10189662125313753,
                    -0.4331285735970576,
                    -1.1567345031122038
                ],
                [
                    0.39489347669558383,
                    0.26655881181899216,
                    0.8792073372674509,
                    1.8329811707554229
                ],
                [
                    0.0,
                    0.0,
                    0.0,
                    1.0
                ]
            ],
            "colmap_im_id": 14
        },
        {
            "file_path": "images/frame_00015.png",
            "transform_matrix": [
                [
                    0.237558448972483,
                    -0.9532043609467905,
                    0.1869958010058215,
                    2.6667091739530226
                ],
                [
                    0.8732965994445696,
                    0.1252831673305219,
                    -0.4708048187754491,
                    -1.3553054572026955
                ],
                [
                    0.42534578018400415,
                    0.275146459645864,
                    0.8621922019039651,
                    1.827208034087847
                ],
                [
                    0.0,
                    0.0,
                    0.0,
                    1.0
                ]
            ],
            "colmap_im_id": 15
        },
        {
            "file_path": "images/frame_00016.png",
            "transform_matrix": [
                [
                    0.2672308552541485,
                    -0.9478445479197909,
                    0.1737192648466587,
                    2.657341567703967
                ],
                [
                    0.8488831581342317,
                    0.14623400735391204,
                    -0.5079497996153447,
                    -1.5143836954547758
                ],
                [
                    0.45605378392925217,
                    0.2832072175491706,
                    0.8436875121108927,
                    1.7753722072542584
                ],
                [
                    0.0,
                    0.0,
                    0.0,
                    1.0
                ]
            ],
            "colmap_im_id": 16
        },
        {
            "file_path": "images/frame_00017.png",
            "transform_matrix": [
                [
                    0.30290324631201265,
                    -0.9411508099228146,
                    0.14994924593099668,
                    2.5986593431026126
                ],
                [
                    0.8109492751850697,
                    0.1718881322973345,
                    -0.5592993322471825,
                    -1.728462564487322
                ],
                [
                    0.5006105237112525,
                    0.29101481570010196,
                    0.8152910404221191,
                    1.6200097171525893
                ],
                [
                    0.0,
                    0.0,
                    0.0,
                    1.0
                ]
            ],
            "colmap_im_id": 17
        },
        {
            "file_path": "images/frame_00018.png",
            "transform_matrix": [
                [
                    0.3398413175690822,
                    -0.9320814643074565,
                    0.12542736052145007,
                    2.4106141182865786
                ],
                [
                    0.7681967482006146,
                    0.1981675798999509,
                    -0.6087720150685297,
                    -1.9603041804791055
                ],
                [
                    0.5425694747467019,
                    0.30323877418803846,
                    0.783367481391731,
                    1.4509592813531842
                ],
                [
                    0.0,
                    0.0,
                    0.0,
                    1.0
                ]
            ],
            "colmap_im_id": 18
        },
        {
            "file_path": "images/frame_00019.png",
            "transform_matrix": [
                [
                    0.36338822631415296,
                    -0.9250211839402286,
                    0.11083684512864753,
                    2.3025424968832353
                ],
                [
                    0.737980133455702,
                    0.21319384242918146,
                    -0.6402606564321954,
                    -2.0725332193946198
                ],
                [
                    0.5686249375475528,
                    0.3144585740794791,
                    0.7601193890350003,
                    1.3371970320835918
                ],
                [
                    0.0,
                    0.0,
                    0.0,
                    1.0
                ]
            ],
            "colmap_im_id": 19
        },
        {
            "file_path": "images/frame_00020.png",
            "transform_matrix": [
                [
                    0.3939230047748481,
                    -0.915100999777048,
                    0.08610938692269506,
                    2.2204635055361024
                ],
                [
                    0.696157765266366,
                    0.23587295881164266,
                    -0.6780326785345826,
                    -2.1970814463564627
                ],
                [
                    0.6001575061335934,
                    0.32703838843244165,
                    0.7299704516780232,
                    1.2330807284293708
                ],
                [
                    0.0,
                    0.0,
                    0.0,
                    1.0
                ]
            ],
            "colmap_im_id": 20
        },
        {
            "file_path": "images/frame_00021.png",
            "transform_matrix": [
                [
                    0.4251428461564134,
                    -0.9031813565952379,
                    0.059304278604580124,
                    2.184150538321978
                ],
                [
                    0.6422577231140835,
                    0.25485633556059406,
                    -0.7228784581967698,
                    -2.301639588236628
                ],
                [
                    0.637776275399405,
                    0.34541523609043556,
                    0.6884255495071715,
                    1.1634898917960323
                ],
                [
                    0.0,
                    0.0,
                    0.0,
                    1.0
                ]
            ],
            "colmap_im_id": 21
        },
        {
            "file_path": "images/frame_00022.png",
            "transform_matrix": [
                [
                    0.45390026797456545,
                    -0.890493131573001,
                    0.03156785317261206,
                    2.1400604605047273
                ],
                [
                    0.5878981664078867,
                    0.27266369486767683,
                    -0.7615971739938059,
                    -2.4305966413057214
                ],
                [
                    0.6695896449818073,
                    0.3642478443620722,
                    0.6472814034179579,
                    1.1026692329335337
                ],
                [
                    0.0,
                    0.0,
                    0.0,
                    1.0
                ]
            ],
            "colmap_im_id": 22
        },
        {
            "file_path": "images/frame_00023.png",
            "transform_matrix": [
                [
                    0.47678723243128573,
                    -0.8789992229538173,
                    0.005856708725952176,
                    2.0875572881483744
                ],
                [
                    0.54001283503812,
                    0.2876438193909597,
                    -0.7909786161207351,
                    -2.5508710517190947
                ],
                [
                    0.6935849428762186,
                    0.3802912031756275,
                    0.6118157629569757,
                    1.0600174406191958
                ],
                [
                    0.0,
                    0.0,
                    0.0,
                    1.0
                ]
            ],
            "colmap_im_id": 23
        },
        {
            "file_path": "images/frame_00024.png",
            "transform_matrix": [
                [
                    0.49872273433717773,
                    -0.866598848318529,
                    -0.0167949500817427,
                    2.0205347088826944
                ],
                [
                    0.5012762699903968,
                    0.30418085421672547,
                    -0.8100593244155009,
                    -2.6467187683330224
                ],
                [
                    0.7071051798705503,
                    0.39557609131617477,
                    0.5861073456110695,
                    1.012612194983277
                ],
                [
                    0.0,
                    0.0,
                    0.0,
                    1.0
                ]
            ],
            "colmap_im_id": 24
        },
        {
            "file_path": "images/frame_00025.png",
            "transform_matrix": [
                [
                    0.5228477625045815,
                    -0.8508021470842582,
                    -0.05259205035714997,
                    1.932923219055572
                ],
                [
                    0.4427697304350674,
                    0.3237828576618558,
                    -0.8361337374456195,
                    -2.699444449146021
                ],
                [
                    0.7284127834232527,
                    0.4138844858183726,
                    0.5459985799839143,
                    0.8662371851539898
                ],
                [
                    0.0,
                    0.0,
                    0.0,
                    1.0
                ]
            ],
            "colmap_im_id": 25
        },
        {
            "file_path": "images/frame_00026.png",
            "transform_matrix": [
                [
                    0.5382176889900856,
                    -0.8393076214649393,
                    -0.07671007632011319,
                    1.8166707484689424
                ],
                [
                    0.4089463872921716,
                    0.33965506396448286,
                    -0.8469930872468583,
                    -2.7074740568988065
                ],
                [
                    0.736942719333635,
                    0.424496353428565,
                    0.5260401832056162,
                    0.6663827988440532
                ],
                [
                    0.0,
                    0.0,
                    0.0,
                    1.0
                ]
            ],
            "colmap_im_id": 26
        },
        {
            "file_path": "images/frame_00027.png",
            "transform_matrix": [
                [
                    0.5520454426318582,
                    -0.8282800695226257,
                    -0.09590597322893983,
                    1.6006856178465276
                ],
                [
                    0.38099384752191856,
                    0.35288284558790345,
                    -0.8545860901279807,
                    -2.6889341881530138
                ],
                [
                    0.741680198886178,
                    0.4352307706509023,
                    0.5103769772029112,
                    0.4263030642134274
                ],
                [
                    0.0,
                    0.0,
                    0.0,
                    1.0
                ]
            ],
            "colmap_im_id": 27
        },
        {
            "file_path": "images/frame_00028.png",
            "transform_matrix": [
                [
                    0.5634430491894125,
                    -0.8202543852349441,
                    -0.09856304491532868,
                    1.4549144918212868
                ],
                [
                    0.37750920883905886,
                    0.36174449105148027,
                    -0.8524246127579923,
                    -2.7176079304415834
                ],
                [
                    0.7348596652163221,
                    0.4430842659097131,
                    0.5134760030823307,
                    0.2512564184963742
                ],
                [
                    0.0,
                    0.0,
                    0.0,
                    1.0
                ]
            ],
            "colmap_im_id": 28
        },
        {
            "file_path": "images/frame_00029.png",
            "transform_matrix": [
                [
                    0.5718993213216003,
                    -0.8132219032779507,
                    -0.1077093417530737,
                    1.3338750689227954
                ],
                [
                    0.3630002702971441,
                    0.36862542671298176,
                    -0.8557722235179596,
                    -2.7589822279202254
                ],
                [
                    0.7356371184463801,
                    0.45031703366590453,
                    0.5060164020604937,
                    0.10925901609852702
                ],
                [
                    0.0,
                    0.0,
                    0.0,
                    1.0
                ]
            ],
            "colmap_im_id": 29
        },
        {
            "file_path": "images/frame_00030.png",
            "transform_matrix": [
                [
                    0.5795779307674924,
                    -0.8056970777001872,
                    -0.1222360059583504,
                    1.2383662978818164
                ],
                [
                    0.3425740096534127,
                    0.3769865480851105,
                    -0.8605371522908563,
                    -2.8197016164214648
                ],
                [
                    0.7394135987911334,
                    0.4568734633881144,
                    0.49450396194013846,
                    -0.019344261180181642
                ],
                [
                    0.0,
                    0.0,
                    0.0,
                    1.0
                ]
            ],
            "colmap_im_id": 30
        },
        {
            "file_path": "images/frame_00031.png",
            "transform_matrix": [
                [
                    0.5852610549596422,
                    -0.8006401757192757,
                    -0.12823730569430294,
                    1.1340619548924442
                ],
                [
                    0.3312042808470583,
                    0.38040925217176186,
                    -0.8634769974994724,
                    -2.8913847231227088
                ],
                [
                    0.7401170325672213,
                    0.4628867138796796,
                    0.48781417385881887,
                    -0.16652159281204557
                ],
                [
                    0.0,
                    0.0,
                    0.0,
                    1.0
                ]
            ],
            "colmap_im_id": 31
        },
        {
            "file_path": "images/frame_00032.png",
            "transform_matrix": [
                [
                    0.5888317682997023,
                    -0.7933500424720714,
                    -0.1545084423279455,
                    0.9178962200413838
                ],
                [
                    0.2917267454802262,
                    0.3868867079185386,
                    -0.8747652149048168,
                    -2.973613166223578
                ],
                [
                    0.7537722829957073,
                    0.47001530330992186,
                    0.45925261027230013,
                    -0.3908926267659234
                ],
                [
                    0.0,
                    0.0,
                    0.0,
                    1.0
                ]
            ],
            "colmap_im_id": 32
        },
        {
            "file_path": "images/frame_00033.png",
            "transform_matrix": [
                [
                    0.5967411359129448,
                    -0.7862434525717592,
                    -0.16037845864506936,
                    0.7270189550284121
                ],
                [
                    0.26956541238751996,
                    0.3846713028472534,
                    -0.8828150866462028,
                    -3.064415797762172
                ],
                [
                    0.7558005723427806,
                    0.48357959226360697,
                    0.4414932307436761,
                    -0.5448514717653367
                ],
                [
                    0.0,
                    0.0,
                    0.0,
                    1.0
                ]
            ],
            "colmap_im_id": 33
        },
        {
            "file_path": "images/frame_00034.png",
            "transform_matrix": [
                [
                    0.6029582924872695,
                    -0.7762774831639621,
                    -0.18394174798957627,
                    0.6175252814362747
                ],
                [
                    0.23274176566179486,
                    0.39170593501894674,
                    -0.890167248885041,
                    -3.1339227082629484
                ],
                [
                    0.7630678659447443,
                    0.4939227972098038,
                    0.4168545338112283,
                    -0.6757146591534862
                ],
                [
                    0.0,
                    0.0,
                    0.0,
                    1.0
                ]
            ],
            "colmap_im_id": 34
        },
        {
            "file_path": "images/frame_00035.png",
            "transform_matrix": [
                [
                    0.6074551697700905,
                    -0.7677156416585197,
                    -0.20398752479609553,
                    0.556407475399758
                ],
                [
                    0.19995663401998395,
                    0.39631003759576333,
                    -0.8960779534238316,
                    -3.155208371892368
                ],
                [
                    0.7687753646098373,
                    0.5035385264840138,
                    0.39425041675985534,
                    -0.7808030292584037
                ],
                [
                    0.0,
                    0.0,
                    0.0,
                    1.0
                ]
            ],
            "colmap_im_id": 35
        },
        {
            "file_path": "images/frame_00036.png",
            "transform_matrix": [
                [
                    0.6110837240428452,
                    -0.757661388126575,
                    -0.22918530308909202,
                    0.4585613746335992
                ],
                [
                    0.1594121497330883,
                    0.4013958996196233,
                    -0.9019252176793974,
                    -3.1659069830985516
                ],
                [
                    0.7753479533263777,
                    0.5146168989750187,
                    0.36606693180610067,
                    -0.9753703921431973
                ],
                [
                    0.0,
                    0.0,
                    0.0,
                    1.0
                ]
            ],
            "colmap_im_id": 36
        },
        {
            "file_path": "images/frame_00037.png",
            "transform_matrix": [
                [
                    0.611468223446407,
                    -0.7473079405628498,
                    -0.26007201634740856,
                    0.2947132168387632
                ],
                [
                    0.11272471271725569,
                    0.4075953086541877,
                    -0.9061783508260995,
                    -3.1513630742638927
                ],
                [
                    0.783198410913931,
                    0.5247827229766713,
                    0.3334716521791373,
                    -1.1960406912712631
                ],
                [
                    0.0,
                    0.0,
                    0.0,
                    1.0
                ]
            ],
            "colmap_im_id": 37
        },
        {
            "file_path": "images/frame_00038.png",
            "transform_matrix": [
                [
                    0.6098785475451307,
                    -0.7344031333052184,
                    -0.29782577966945506,
                    0.08669013363183084
                ],
                [
                    0.05209023512705929,
                    0.41214362791292425,
                    -0.9096286260750484,
                    -3.0755033194490804
                ],
                [
                    0.7907811104526009,
                    0.5392491703862421,
                    0.28961278906343313,
                    -1.4158787707541183
                ],
                [
                    0.0,
                    0.0,
                    0.0,
                    1.0
                ]
            ],
            "colmap_im_id": 38
        },
        {
            "file_path": "images/frame_00039.png",
            "transform_matrix": [
                [
                    0.6084893501026757,
                    -0.7256629629797571,
                    -0.32117592526692107,
                    -0.011040371518359862
                ],
                [
                    0.009216713880661347,
                    0.4111621536297855,
                    -0.9115156255422934,
                    -3.0093088634060012
                ],
                [
                    0.7935085147601535,
                    0.5516873639861223,
                    0.25687601955258216,
                    -1.5326461104021936
                ],
                [
                    0.0,
                    0.0,
                    0.0,
                    1.0
                ]
            ],
            "colmap_im_id": 39
        },
        {
            "file_path": "images/frame_00040.png",
            "transform_matrix": [
                [
                    0.6098166756788915,
                    -0.7107830465504713,
                    -0.3505867692888252,
                    -0.13982906191347125
                ],
                [
                    -0.045720300416981635,
                    0.4100703095369519,
                    -0.9109072375198526,
                    -2.960673722296122
                ],
                [
                    0.791222646411063,
                    0.5715153558503032,
                    0.21757049853685312,
                    -1.683069422749999
                ],
                [
                    0.0,
                    0.0,
                    0.0,
                    1.0
                ]
            ],
            "colmap_im_id": 40
        },
        {
            "file_path": "images/frame_00041.png",
            "transform_matrix": [
                [
                    0.60841424309134,
                    -0.6954535592071184,
                    -0.38233029671965946,
                    -0.24670132896350722
                ],
                [
                    -0.10424326181347733,
                    0.4075500282147466,
                    -0.9072134902373562,
                    -2.96112583665168
                ],
                [
                    0.7867435739617311,
                    0.591816966205186,
                    0.17546289448658728,
                    -1.8298798491354464
                ],
                [
                    0.0,
                    0.0,
                    0.0,
                    1.0
                ]
            ],
            "colmap_im_id": 41
        },
        {
            "file_path": "images/frame_00042.png",
            "transform_matrix": [
                [
                    0.6025568763510956,
                    -0.6770347324777835,
                    -0.4225508037866531,
                    -0.4151320623884315
                ],
                [
                    -0.17626850270377092,
                    0.40348594838731594,
                    -0.8978465929147131,
                    -3.012611472548101
                ],
                [
                    0.7783666396477827,
                    0.6154860359689116,
                    0.12378333413951347,
                    -1.995460343569554
                ],
                [
                    0.0,
                    0.0,
                    0.0,
                    1.0
                ]
            ],
            "colmap_im_id": 42
        },
        {
            "file_path": "images/frame_00043.png",
            "transform_matrix": [
                [
                    0.5974286326931411,
                    -0.6558663778843439,
                    -0.46143073499635306,
                    -0.5746030618132033
                ],
                [
                    -0.24710143399077503,
                    0.3968469990370524,
                    -0.8839984958556141,
                    -3.121087612951909
                ],
                [
                    0.7629022939787939,
                    0.6421462089868291,
                    0.0750222375415257,
                    -2.161957754039399
                ],
                [
                    0.0,
                    0.0,
                    0.0,
                    1.0
                ]
            ],
            "colmap_im_id": 43
        },
        {
            "file_path": "images/frame_00044.png",
            "transform_matrix": [
                [
                    0.5925620214680324,
                    -0.6393049389995049,
                    -0.49006065510766966,
                    -0.6913719481449676
                ],
                [
                    -0.2972793586498352,
                    0.3918691626969983,
                    -0.8706684456484546,
                    -3.171272709803529
                ],
                [
                    0.748662296121864,
                    0.6616099714318042,
                    0.04215462095127377,
                    -2.2740405889316793
                ],
                [
                    0.0,
                    0.0,
                    0.0,
                    1.0
                ]
            ],
            "colmap_im_id": 44
        },
        {
            "file_path": "images/frame_00045.png",
            "transform_matrix": [
                [
                    0.5857437308761057,
                    -0.6148004954511009,
                    -0.5281331579558518,
                    -0.8334818951666146
                ],
                [
                    -0.362550099808268,
                    0.38403941364182786,
                    -0.8491590863310926,
                    -3.2133893486032417
                ],
                [
                    0.7248873752993324,
                    0.6888643404638692,
                    0.002052697962066933,
                    -2.4312376282356682
                ],
                [
                    0.0,
                    0.0,
                    0.0,
                    1.0
                ]
            ],
            "colmap_im_id": 45
        },
        {
