{
    "w": 3840,
    "h": 2160,
    "fl_x": 1686.279212438356,
    "fl_y": 1686.3166462510371,
    "cx": 1920.0,
    "cy": 1080.0,
    "k1": -0.0017027252182948763,
    "k2": 0.0001679735136126167,
    "p1": -0.0007064608244159204,
    "p2": -0.00046477126484822115,
    "camera_model": "OPENCV",
    "frames": [
        {
            "file_path": "images/frame_00001.png",
            "transform_matrix": [
                [
                    0.22609510729585286,
                    -0.9709247420550541,
                    0.07865206750113746,
                    2.1894294003900407
                ],
                [
                    0.710315504116189,
                    0.10907719300390267,
                    -0.6953805077643125,
                    -1.780507517793725
                ],
                [
                    0.6665829933842002,
                    0.213089913491268,
                    0.7143247172674645,
                    2.5084611258247236
                ],
                [
                    0.0,
                    0.0,
                    0.0,
                    1.0
                ]
            ],
            "colmap_im_id": 1
        },
        {
            "file_path": "images/frame_00002.png",
            "transform_matrix": [
                [
                    0.22911468165759966,
                    -0.9700554057836412,
                    0.08061620407134099,
                    2.141275478484637
                ],
                [
                    0.698758526246174,
                    0.10624758281555889,
                    -0.7074234751152423,
                    -1.8192567444846932
                ],
                [
                    0.6776746893954445,
                    0.2184123642465927,
                    0.7021773668361876,
                    2.3781033783788796
                ],
                [
                    0.0,
                    0.0,
                    0.0,
                    1.0
                ]
            ],
            "colmap_im_id": 2
        },
        {
            "file_path": "images/frame_00003.png",
            "transform_matrix": [
                [
                    0.23002519555668496,
                    -0.9691228830068221,
                    0.08882143345867632,
                    2.1264853514263256
                ],
                [
                    0.6914143408907814,
                    0.098514140566644,
                    -0.7157102579389106,
                    -1.859040732234637
                ],
                [
                    0.6848610213902347,
                    0.22604380491612844,
                    0.6927261938452769,
                    2.3441093085013844
                ],
                [
                    0.0,
                    0.0,
                    0.0,
                    1.0
                ]
            ],
            "colmap_im_id": 3
        },
        {
            "file_path": "images/frame_00004.png",
            "transform_matrix": [
                [
                    0.23345103600714043,
                    -0.96808659750984,
                    0.09115346131120723,
                    2.1100713661655948
                ],
                [
                    0.6570135178320795,
                    0.08793731173716238,
                    -0.7487324399212023,
                    -1.947854147083048
                ],
                [
                    0.7168220498653126,
                    0.23468142007040532,
                    0.6565750375247519,
                    2.224307962677071
                ],
                [
                    0.0,
                    0.0,
                    0.0,
                    1.0
                ]
            ],
            "colmap_im_id": 4
        },
        {
            "file_path": "images/frame_00005.png",
            "transform_matrix": [
                [
                    0.23425802575473748,
                    -0.9668738348077295,
                    0.10138128492817709,
                    2.064684031966961
                ],
                [
                    0.6480239179681493,
                    0.07756154000972323,
                    -0.7576603521714259,
                    -2.088628625406388
                ],
                [
                    0.7246986815985675,
                    0.24318551576012004,
                    0.6447267838501688,
                    2.1367364798352773
                ],
                [
                    0.0,
                    0.0,
                    0.0,
                    1.0
                ]
            ],
            "colmap_im_id": 5
        },
        {
            "file_path": "images/frame_00006.png",
            "transform_matrix": [
                [
                    0.25035280398831805,
                    -0.9627719055609948,
                    0.10194965128747449,
                    2.0212536009711446
                ],
                [
                    0.5611193321770519,
                    0.05847841393912366,
                    -0.8256666216823494,
                    -2.450370529918945
                ],
                [
                    0.788966772806286,
                    0.2639138741438489,
                    0.5548701635896623,
                    1.9633169002032436
                ],
                [
                    0.0,
                    0.0,
                    0.0,
                    1.0
                ]
            ],
            "colmap_im_id": 6
        },
        {
            "file_path": "images/frame_00007.png",
            "transform_matrix": [
                [
                    0.2710620017154276,
                    -0.9598264915409542,
                    0.07251549739336935,
                    1.8871941469250042
                ],
                [
                    0.46768118127506986,
                    0.06548108250753472,
                    -0.8814684001793806,
                    -2.875476461237836
                ],
                [
                    0.8413083286805025,
                    0.27284672248319874,
                    0.46664222068196476,
                    1.8591242044411713
                ],
                [
                    0.0,
                    0.0,
                    0.0,
                    1.0
                ]
            ],
            "colmap_im_id": 7
        },
        {
            "file_path": "images/frame_00008.png",
            "transform_matrix": [
                [
                    0.29517535554353563,
                    -0.9549099768875807,
                    0.03191309324254536,
                    1.8053908739323017
                ],
                [
                    0.36093713158161356,
                    0.08051968240475384,
                    -0.9291076190577033,
                    -3.2055457617414307
                ],
                [
                    0.8846445029080237,
                    0.28576829212842636,
                    0.36842989385854413,
                    1.7149281732590718
                ],
                [
                    0.0,
                    0.0,
                    0.0,
                    1.0
                ]
            ],
            "colmap_im_id": 8
        },
        {
            "file_path": "images/frame_00009.png",
            "transform_matrix": [
                [
                    0.31860491779653555,
                    -0.94784618606362,
                    -0.008860808118458427,
                    1.7297686189578383
                ],
                [
                    0.26152005659669036,
                    0.09688366937353521,
                    -0.9603232865063637,
                    -3.423166461978161
                ],
                [
                    0.9110972321072691,
                    0.3036464427148272,
                    0.2787484017408969,
                    1.4732648430565567
                ],
                [
                    0.0,
                    0.0,
                    0.0,
                    1.0
                ]
            ],
            "colmap_im_id": 9
        },
        {
            "file_path": "images/frame_00010.png",
            "transform_matrix": [
                [
                    0.33297568967748564,
                    -0.9420000760702514,
                    -0.04198865045989448,
                    1.6760498072747305
                ],
                [
                    0.18479337743225704,
                    0.10885697470052658,
                    -0.9767300377874268,
                    -3.4916991058725833
                ],
                [
                    0.9246505273566775,
                    0.3174681334286787,
                    0.21032210182557734,
                    1.1433508425646812
                ],
                [
                    0.0,
                    0.0,
                    0.0,
                    1.0
                ]
            ],
            "colmap_im_id": 10
        },
        {
            "file_path": "images/frame_00011.png",
            "transform_matrix": [
                [
                    0.3410032386389455,
                    -0.9368729660927422,
                    -0.07736818882679083,
                    1.5077374272356308
                ],
                [
                    0.10125420111173579,
                    0.11842723920990308,
                    -0.9877867056051849,
                    -3.477309633518748
                ],
                [
                    0.9345931617527352,
                    0.32900461154474414,
                    0.13524639583854908,
                    0.7507381303011127
                ],
                [
                    0.0,
                    0.0,
                    0.0,
                    1.0
                ]
            ],
            "colmap_im_id": 11
        },
        {
            "file_path": "images/frame_00012.png",
            "transform_matrix": [
                [
                    0.3425669299467657,
                    -0.9321734736309092,
                    -0.11704919293071789,
                    1.3715437271153068
                ],
                [
                    0.005543744793197579,
                    0.1265910529695937,
                    -0.9919395002729336,
                    -3.4428428820156474
                ],
                [
                    0.9394770701834695,
                    0.3391567784475703,
                    0.048533640215320396,
                    0.39541887558280797
                ],
                [
                    0.0,
                    0.0,
                    0.0,
                    1.0
                ]
            ],
            "colmap_im_id": 12
        },
        {
            "file_path": "images/frame_00013.png",
            "transform_matrix": [
                [
                    0.33980562388164137,
                    -0.9285816436819436,
                    -0.14922556414819899,
                    1.2979633438345906
                ],
                [
                    -0.0766659456464274,
                    0.13079000620862888,
                    -0.9884413523594029,
                    -3.406270119744868
                ],
                [
                    0.9373657081185265,
                    0.3473184493989437,
                    -0.026747410165583137,
                    0.20926183033197565
                ],
                [
                    0.0,
                    0.0,
                    0.0,
                    1.0
                ]
            ],
            "colmap_im_id": 13
        },
        {
            "file_path": "images/frame_00014.png",
            "transform_matrix": [
                [
                    0.3338637671240828,
                    -0.925923417671214,
                    -0.17663750906807568,
                    1.1953837188459349
                ],
                [
                    -0.17789552553625465,
                    0.12213026006411647,
                    -0.9764411818286086,
                    -3.3349055131835366
                ],
                [
                    0.9256825411532267,
                    0.3574213538454713,
                    -0.1239427642880958,
                    -0.08610229345433372
                ],
                [
                    0.0,
                    0.0,
                    0.0,
                    1.0
                ]
            ],
            "colmap_im_id": 14
        },
        {
            "file_path": "images/frame_00015.png",
            "transform_matrix": [
                [
                    0.3258279437376655,
                    -0.922596454241448,
                    -0.20652344588639965,
                    0.9376243252665157
                ],
                [
                    -0.29122165135881245,
                    0.1098812736321169,
                    -0.9503241844154181,
                    -3.3015820790472965
                ],
                [
                    0.8994587821904517,
                    0.36978627384759943,
                    -0.23287767349915112,
                    -0.42227846292871496
                ],
                [
                    0.0,
                    0.0,
                    0.0,
                    1.0
                ]
            ],
            "colmap_im_id": 15
        },
        {
            "file_path": "images/frame_00016.png",
            "transform_matrix": [
                [
                    0.3223163298150742,
                    -0.9192612621562006,
                    -0.22598875067916438,
                    0.7801173657735444
                ],
                [
                    -0.3564516908185196,
                    0.1033000221678165,
                    -0.9285856436176185,
                    -3.3132654503174823
                ],
                [
                    0.8769574537268944,
                    0.3798523888553524,
                    -0.2943769471845976,
                    -0.7247409514653089
                ],
                [
                    0.0,
                    0.0,
                    0.0,
                    1.0
                ]
            ],
            "colmap_im_id": 16
        },
        {
            "file_path": "images/frame_00017.png",
            "transform_matrix": [
                [
                    0.31513551557651676,
                    -0.9179033849292279,
                    -0.24112856064304927,
                    0.6946825561046867
                ],
                [
                    -0.41685163237100664,
                    0.09437847752599215,
                    -0.9040616237677066,
                    -3.224784540962034
                ],
                [
                    0.8525985710825169,
                    0.38541676003430564,
                    -0.35288751419214076,
                    -1.0355446745151156
                ],
                [
                    0.0,
                    0.0,
                    0.0,
                    1.0
                ]
            ],
            "colmap_im_id": 17
        },
        {
            "file_path": "images/frame_00018.png",
            "transform_matrix": [
                [
                    0.3148596302731054,
                    -0.9161792504660385,
                    -0.24794958003548076,
                    0.6297015743433216
                ],
                [
                    -0.4288957183266403,
                    0.09570583805906477,
                    -0.8982699234431077,
                    -3.0818039590637363
                ],
                [
                    0.8467064875299811,
                    0.38917344921885405,
                    -0.3628114529583396,
                    -1.3451421270646113
                ],
                [
                    0.0,
                    0.0,
                    0.0,
                    1.0
                ]
            ],
            "colmap_im_id": 18
        },
        {
            "file_path": "images/frame_00019.png",
            "transform_matrix": [
                [
                    0.31257678380071013,
                    -0.915726312587904,
                    -0.25246994803929573,
                    0.5141961721653139
                ],
                [
                    -0.4454040693326294,
                    0.09346230267075514,
                    -0.8904381017237609,
                    -2.8311961936313943
                ],
                [
                    0.8389940221781907,
                    0.39078142025132245,
                    -0.3786540800461826,
                    -1.5834635795563858
                ],
                [
                    0.0,
                    0.0,
                    0.0,
                    1.0
                ]
            ],
            "colmap_im_id": 19
        },
        {
            "file_path": "images/frame_00020.png",
            "transform_matrix": [
                [
                    0.3034056238019491,
                    -0.9148441283735894,
                    -0.26646809982757347,
                    0.4083606002858727
                ],
                [
                    -0.4808478046811661,
                    0.09443076906183265,
                    -0.871704203607906,
                    -2.4705823608237054
                ],
                [
                    0.8226362599464317,
                    0.3926105584860885,
                    -0.41124996436059225,
                    -1.835172672345611
                ],
                [
                    0.0,
                    0.0,
                    0.0,
                    1.0
                ]
            ],
            "colmap_im_id": 20
        },
        {
            "file_path": "images/frame_00021.png",
            "transform_matrix": [
                [
                    0.2998092959393814,
                    -0.914775399205261,
                    -0.2707403831665833,
                    0.364868506186283
                ],
                [
                    -0.4999955500608533,
                    0.09102423301617023,
                    -0.8612311181809224,
                    -2.3166816955074094
                ],
                [
                    0.8124769756661886,
                    0.39357408198797067,
                    -0.43009371769377075,
                    -1.9753074287323515
                ],
                [
                    0.0,
                    0.0,
                    0.0,
                    1.0
                ]
            ],
            "colmap_im_id": 21
        },
        {
            "file_path": "images/frame_00022.png",
            "transform_matrix": [
                [
                    0.29575805604806243,
                    -0.916969284214609,
                    -0.26775829415653807,
                    0.31483921401216747
                ],
                [
                    -0.5259598025049697,
                    0.07767160686498709,
                    -0.8469553752329243,
                    -2.181109799475101
                ],
                [
                    0.797429281147616,
                    0.3913239748519875,
                    -0.45931698017212097,
                    -2.1374137882052784
                ],
                [
                    0.0,
                    0.0,
                    0.0,
                    1.0
                ]
            ],
            "colmap_im_id": 22
        },
        {
            "file_path": "images/frame_00023.png",
            "transform_matrix": [
                [
                    0.28618872035898796,
                    -0.919800889852389,
                    -0.26844429471687137,
                    0.19403572212836315
                ],
                [
                    -0.5684676248334714,
                    0.06253811691068802,
                    -0.8203252668603204,
                    -2.0013686250355502
                ],
                [
                    0.771323911113532,
                    0.3873697290186968,
                    -0.5049793235217703,
                    -2.3805589742658255
                ],
                [
                    0.0,
                    0.0,
                    0.0,
                    1.0
                ]
            ],
            "colmap_im_id": 23
        },
        {
            "file_path": "images/frame_00024.png",
            "transform_matrix": [
                [
                    0.28348539130244776,
                    -0.9197262166965304,
                    -0.27155058320538505,
                    -0.031217422744004734
                ],
                [
                    -0.5869262634631026,
                    0.05753608679206101,
                    -0.8075934373023942,
                    -1.890894240109447
                ],
                [
                    0.7583888146428178,
                    0.3883211107289213,
                    -0.5235008316964914,
                    -2.744813630454481
                ],
                [
                    0.0,
                    0.0,
                    0.0,
                    1.0
                ]
            ],
            "colmap_im_id": 24
        },
        {
            "file_path": "images/frame_00025.png",
            "transform_matrix": [
                [
                    0.28494042975225126,
                    -0.9179241130312489,
                    -0.2760874394252611,
                    -0.21112770844484346
                ],
                [
                    -0.5942910782754499,
                    0.05681411676451418,
                    -0.8022407808248536,
                    -1.8225589136658968
                ],
                [
                    0.7520818211968731,
                    0.3926671349273619,
                    -0.5293254720615016,
                    -3.0999335079550407
                ],
                [
                    0.0,
                    0.0,
                    0.0,
                    1.0
                ]
            ],
            "colmap_im_id": 25
        },
        {
            "file_path": "images/frame_00026.png",
            "transform_matrix": [
                [
                    0.2909723652265278,
                    -0.9160550675496482,
                    -0.27600397803490045,
                    -0.30040116525663696
                ],
                [
                    -0.5885277275450419,
                    0.05606688140204328,
                    -0.8065306061895713,
                    -1.7571894757935649
                ],
                [
                    0.7543011312368212,
                    0.3971141120968366,
                    -0.5228098941186865,
                    -3.3563485997071214
                ],
                [
                    0.0,
                    0.0,
                    0.0,
                    1.0
                ]
            ],
            "colmap_im_id": 26
        },
        {
            "file_path": "images/frame_00027.png",
            "transform_matrix": [
                [
                    0.28652987810146135,
                    -0.9122039719489282,
                    -0.2928899836384996,
                    -0.3694376018946085
                ],
                [
                    -0.608437461500438,
                    0.06289321109772181,
                    -0.7911057447906189,
                    -1.539521639457528
                ],
                [
                    0.7400705941990022,
                    0.40488067076413553,
                    -0.5369982849539829,
                    -3.674192324359772
                ],
                [
                    0.0,
                    0.0,
                    0.0,
                    1.0
                ]
            ],
            "colmap_im_id": 27
        },
        {
            "file_path": "images/frame_00028.png",
            "transform_matrix": [
                [
                    0.2679578507132517,
                    -0.9020745695089658,
                    -0.3383194663130524,
                    -0.46656311044043886
                ],
                [
                    -0.666221253223814,
                    0.08017264483855585,
                    -0.7414321201381023,
                    -1.2251971172376477
                ],
                [
                    0.6959510270083845,
                    0.424068176199069,
                    -0.5794983606026594,
                    -3.9263392230845113
                ],
                [
                    0.0,
                    0.0,
                    0.0,
                    1.0
                ]
            ],
            "colmap_im_id": 28
        },
        {
            "file_path": "images/frame_00029.png",
            "transform_matrix": [
                [
                    0.24912053122514338,
                    -0.8974683976217416,
                    -0.36399098366905447,
                    -0.5393452396952527
                ],
                [
                    -0.7248619425499637,
                    0.07646382797048962,
                    -0.6846374568008912,
                    -0.8972300577114825
                ],
                [
                    0.6422726252649998,
                    0.43440045842789216,
                    -0.6314919766337822,
                    -4.040880365885999
                ],
                [
                    0.0,
                    0.0,
                    0.0,
                    1.0
                ]
            ],
            "colmap_im_id": 29
        },
        {
            "file_path": "images/frame_00030.png",
            "transform_matrix": [
                [
                    0.21928685935022826,
                    -0.8952563234438166,
                    -0.3878522768402601,
                    -0.5655473463974063
                ],
                [
                    -0.796883458922133,
                    0.06501758535384085,
                    -0.60062423068925,
                    -0.6708211065906016
                ],
                [
                    0.5629298590522718,
                    0.4407820651167837,
                    -0.699157453553041,
                    -4.095794776309023
                ],
                [
                    0.0,
                    0.0,
                    0.0,
                    1.0
                ]
            ],
            "colmap_im_id": 30
        },
        {
            "file_path": "images/frame_00031.png",
            "transform_matrix": [
                [
                    0.17677526947912595,
                    -0.8944853194940227,
                    -0.4106659436942133,
                    -0.5704559303138588
                ],
                [
                    -0.868922798982356,
                    0.054147425747963926,
                    -0.4919768548352009,
                    -0.47720438664266907
                ],
                [
                    0.462302577874329,
                    0.443806342332492,
                    -0.767666761685176,
                    -4.194770852627687
                ],
                [
                    0.0,
                    0.0,
                    0.0,
                    1.0
                ]
            ],
            "colmap_im_id": 31
        },
        {
            "file_path": "images/frame_00032.png",
            "transform_matrix": [
                [
                    0.13670485785863978,
                    -0.8941238276728426,
                    -0.42644385635803667,
                    -0.6215825200379891
                ],
                [
                    -0.9198444676600361,
                    0.04521165295235336,
                    -0.3896691696202558,
                    -0.26167190863094225
                ],
                [
                    0.3676927211042841,
                    0.4455316904833827,
                    -0.816274203697474,
                    -4.293591447508505
                ],
                [
                    0.0,
                    0.0,
                    0.0,
                    1.0
                ]
            ],
            "colmap_im_id": 32
        },
        {
            "file_path": "images/frame_00033.png",
            "transform_matrix": [
                [
                    0.08864545414473327,
                    -0.8939820413611967,
                    -0.4392471891579291,
                    -0.7896265374680654
                ],
                [
                    -0.9655062185967966,
                    0.03127091935570927,
                    -0.25849539928896753,
                    0.037834975231307244
                ],
                [
                    0.24482590816820837,
                    0.4470103346974388,
                    -0.8603731954002838,
                    -4.480412484088144
                ],
                [
                    0.0,
                    0.0,
                    0.0,
                    1.0
                ]
            ],
            "colmap_im_id": 33
        },
        {
            "file_path": "images/frame_00034.png",
            "transform_matrix": [
                [
                    0.054241923297434554,
                    -0.8923030648439502,
                    -0.44816632428941894,
                    -0.8772492534019117
                ],
                [
                    -0.9865897640118269,
                    0.02130357761963523,
                    -0.1618233454347416,
                    0.21525262841636622
                ],
                [
                    0.15394301317072742,
                    0.4509339176095512,
                    -0.8791815231482174,
                    -4.588783618088746
                ],
                [
                    0.0,
                    0.0,
                    0.0,
                    1.0
                ]
            ],
            "colmap_im_id": 34
        },
        {
            "file_path": "images/frame_00035.png",
            "transform_matrix": [
                [
                    0.01815192265361263,
                    -0.8893329152155122,
                    -0.4568998507531556,
                    -0.871448318520969
                ],
                [
                    -0.9981968848508578,
                    0.010030558242851425,
                    -0.05918079904309783,
                    0.3721743365689042
                ],
                [
                    0.05721439310191124,
                    0.4571502529974312,
                    -0.8875472716460596,
                    -4.63363648437746
                ],
                [
                    0.0,
                    0.0,
                    0.0,
                    1.0
                ]
            ],
            "colmap_im_id": 35
        },
        {
            "file_path": "images/frame_00036.png",
            "transform_matrix": [
                [
                    -0.015797384969141886,
                    -0.8837579854848722,
                    -0.4676775232142945,
                    -0.8040462504579788
                ],
                [
                    -0.999441939118807,
                    0.00018855407528051813,
                    0.03340321508177861,
                    0.6301901332965505
                ],
                [
                    -0.029432175566471413,
                    0.4679442141314293,
                    -0.8832677733860456,
                    -4.6015644892447956
                ],
                [
                    0.0,
                    0.0,
                    0.0,
                    1.0
                ]
            ],
            "colmap_im_id": 36
        },
        {
            "file_path": "images/frame_00037.png",
            "transform_matrix": [
                [
                    -0.05170949285319637,
                    -0.8768872958534566,
                    -0.47790668411278564,
                    -0.7180651258826358
                ],
                [
                    -0.9918548214665706,
                    -0.010685267141921731,
                    0.12692453742134785,
                    0.9048298454961371
                ],
                [
                    -0.1164050749855117,
                    0.48057725230905224,
                    -0.8691923625301243,
                    -4.451177536500376
                ],
                [
                    0.0,
                    0.0,
                    0.0,
                    1.0
                ]
            ],
            "colmap_im_id": 37
        },
        {
            "file_path": "images/frame_00038.png",
            "transform_matrix": [
                [
                    -0.08218184251930072,
                    -0.8721949962806085,
                    -0.48220538489652104,
                    -0.6263971111724532
                ],
                [
                    -0.9782980943055558,
                    -0.021743014697301256,
                    0.20605843828873,
                    1.1413118475292683
                ],
                [
                    -0.19020773758774973,
                    0.4886748712333611,
                    -0.8514798217144122,
                    -4.259388853432567
                ],
                [
                    0.0,
                    0.0,
                    0.0,
                    1.0
                ]
            ],
            "colmap_im_id": 38
        },
        {
            "file_path": "images/frame_00039.png",
            "transform_matrix": [
                [
                    -0.10407127642366942,
                    -0.8728062434526128,
                    -0.47684214454438323,
                    -0.5977085100725726
                ],
                [
                    -0.9626601522662795,
                    -0.03207227110635795,
                    0.26880625116381524,
                    1.3088606322709309
                ],
                [
                    -0.2499091848296337,
                    0.48701194114335483,
                    -0.8368779890292072,
                    -4.094689197725301
                ],
                [
                    0.0,
                    0.0,
                    0.0,
                    1.0
                ]
            ],
            "colmap_im_id": 39
        },
        {
            "file_path": "images/frame_00040.png",
            "transform_matrix": [
                [
                    -0.12816867827788347,
                    -0.8753536189361075,
                    -0.4661854048808911,
                    -0.544364689064059
                ],
                [
                    -0.9412481654681558,
                    -0.04072704485996924,
                    0.3352509490214838,
                    1.5125290303693548
                ],
                [
                    -0.31244948537536726,
                    0.48176482813965776,
                    -0.818705056449656,
                    -3.972539992694027
                ],
                [
                    0.0,
                    0.0,
                    0.0,
                    1.0
                ]
            ],
            "colmap_im_id": 40
        },
        {
            "file_path": "images/frame_00041.png",
            "transform_matrix": [
                [
                    -0.1514835290717147,
                    -0.8790270896711578,
                    -0.4520664951577735,
                    -0.49084702782848677
                ],
                [
                    -0.917035192067401,
                    -0.04571297468701388,
                    0.3961777132237114,
                    1.8273725513179995
                ],
                [
                    -0.368916246497608,
                    0.4745752833529352,
                    -0.7991740132790839,
                    -3.84337353674479
                ],
                [
                    0.0,
                    0.0,
                    0.0,
                    1.0
                ]
            ],
            "colmap_im_id": 41
        },
        {
            "file_path": "images/frame_00042.png",
            "transform_matrix": [
                [
                    -0.16960086293614524,
                    -0.8833475655102265,
                    -0.43695837993849135,
                    -0.5223041420979716
                ],
                [
                    -0.8949026374238057,
                    -0.04766625508418119,
                    0.44370846020575827,
                    2.2201869752309102
                ],
                [
                    -0.41277695771836653,
                    0.4662885443943544,
                    -0.7824258281417882,
                    -3.6989945006444027
                ],
                [
                    0.0,
                    0.0,
                    0.0,
                    1.0
                ]
            ],
            "colmap_im_id": 42
        },
        {
            "file_path": "images/frame_00043.png",
            "transform_matrix": [
                [
                    -0.1882301823273122,
                    -0.8842224579833672,
                    -0.4274576508367576,
                    -0.5233557205341978
                ],
                [
                    -0.872831885402432,
                    -0.04892874650125481,
                    0.48556202239327895,
                    2.536770203851979
                ],
                [
                    -0.45025981198177356,
                    0.46449609531584696,
                    -0.7625676882418168,
                    -3.5922582918989416
                ],
                [
                    0.0,
                    0.0,
                    0.0,
                    1.0
                ]
            ],
            "colmap_im_id": 43
        },
        {
            "file_path": "images/frame_00044.png",
            "transform_matrix": [
                [
                    -0.1947762227266321,
                    -0.8835796018252359,
                    -0.4258512772068469,
                    -0.49657443741806095
                ],
                [
                    -0.8635552235314068,
                    -0.051403029354750045,
                    0.5016274558721606,
                    2.7318935508022886
                ],
                [
                    -0.46511783342715113,
                    0.46545119595024365,
                    -0.7530076926675588,
                    -3.545695095216097
                ],
                [
                    0.0,
                    0.0,
                    0.0,
                    1.0
                ]
            ],
            "colmap_im_id": 44
        },
        {
            "file_path": "images/frame_00045.png",
            "transform_matrix": [
                [
                    -0.20574601860161898,
                    -0.8805801660722551,
                    -0.42690414257739634,
                    -0.4207556853057813
                ],
                [
                    -0.8488435958650836,
                    -0.056487832248238834,
                    0.5256174222442868,
                    2.916100396333131
                ],
                [
                    -0.48696316656233474,
                    0.47051853940950567,
                    -0.7358526880317339,
                    -3.444794695096951
                ],
                [
                    0.0,
                    0.0,
                    0.0,
