{
    "w": 1920,
    "h": 1080,
    "fl_x": 882.5562587176917,
    "fl_y": 881.4504949874823,
    "cx": 960.0,
    "cy": 540.0,
    "k1": -0.0016828989271690446,
    "k2": 0.0002918200532811202,
    "p1": -0.0003916294318175184,
    "p2": -0.0005583259146392024,
    "camera_model": "OPENCV",
    "frames": [
        {
            "file_path": "images/frame_00001.png",
            "transform_matrix": [
                [
                    -0.3152336806165019,
                    -0.9216368963529955,
                    0.226303243206523,
                    1.9888030951900202
                ],
                [
                    0.9215116945382293,
                    -0.24027607466757944,
                    0.30509605826955705,
                    2.1645294595502027
                ],
                [
                    -0.22681252927088136,
                    0.30471763851663924,
                    0.9250422894887501,
                    2.585472102721841
                ],
                [
                    0.0,
                    0.0,
                    0.0,
                    1.0
                ]
            ],
            "colmap_im_id": 1
        },
        {
            "file_path": "images/frame_00002.png",
            "transform_matrix": [
                [
                    -0.3125234883569523,
                    -0.92263519905781,
                    0.22599415630665595,
                    2.0222094646904236
                ],
                [
                    0.9230190833079625,
                    -0.23874907724254607,
                    0.3017194888719678,
                    2.1579528546163984
                ],
                [
                    -0.22442112439458684,
                    0.30289134615466995,
                    0.9262245901238432,
                    2.662838874311036
                ],
                [
                    0.0,
                    0.0,
                    0.0,
                    1.0
                ]
            ],
            "colmap_im_id": 2
        },
        {
            "file_path": "images/frame_00003.png",
            "transform_matrix": [
                [
                    -0.3050959169478907,
                    -0.9244400368087607,
                    0.2287511744379535,
                    2.0615967328713323
                ],
                [
                    0.9303071558994047,
                    -0.23796810842865282,
                    0.27910531176107994,
                    2.127982622813479
                ],
                [
                    -0.20358064039610074,
                    0.29796274551679475,
                    0.932616279688494,
                    2.731368335315382
                ],
                [
                    0.0,
                    0.0,
                    0.0,
                    1.0
                ]
            ],
            "colmap_im_id": 3
        },
        {
            "file_path": "images/frame_00004.png",
            "transform_matrix": [
                [
                    -0.2969618806128047,
                    -0.9273087615451061,
                    0.22784227488459557,
                    2.1023933244275304
                ],
                [
                    0.9373636462928023,
                    -0.23758706246741004,
                    0.2547582822142769,
                    2.057415128658301
                ],
                [
                    -0.1821072103777565,
                    0.28922456415351083,
                    0.9397798228407775,
                    2.7605772487277696
                ],
                [
                    0.0,
                    0.0,
                    0.0,
                    1.0
                ]
            ],
            "colmap_im_id": 4
        },
        {
            "file_path": "images/frame_00005.png",
            "transform_matrix": [
                [
                    -0.28133612015632325,
                    -0.9309870018527896,
                    0.23262241911849568,
                    2.214080141302073
                ],
                [
                    0.9489350094351412,
                    -0.23385212220588003,
                    0.21174402661736347,
                    1.8574093261322653
                ],
                [
                    -0.14273169011721057,
                    0.2803148003958413,
                    0.9492372081388952,
                    2.7755310701534257
                ],
                [
                    0.0,
                    0.0,
                    0.0,
                    1.0
                ]
            ],
            "colmap_im_id": 5
        },
        {
            "file_path": "images/frame_00006.png",
            "transform_matrix": [
                [
                    -0.2671854997193636,
                    -0.9355045906044348,
                    0.23117757178788553,
                    2.2401987743688694
                ],
                [
                    0.9571130051200998,
                    -0.22973961432102438,
                    0.17650610482812984,
                    1.6229480675903925
                ],
                [
                    -0.11201162515420328,
                    0.26842293227229297,
                    0.956766703674756,
                    2.813070104833814
                ],
                [
                    0.0,
                    0.0,
                    0.0,
                    1.0
                ]
            ],
            "colmap_im_id": 6
        },
        {
            "file_path": "images/frame_00007.png",
            "transform_matrix": [
                [
                    -0.24842829645604095,
                    -0.941858531804953,
                    0.22624298350704194,
                    2.247956931245474
                ],
                [
                    0.9656582935406919,
                    -0.22246733305006894,
                    0.13421008099866685,
                    1.3054535816024724
                ],
                [
                    -0.07607523668072581,
                    0.2518149951686911,
                    0.9647806831462598,
                    2.857000121589498
                ],
                [
                    0.0,
                    0.0,
                    0.0,
                    1.0
                ]
            ],
            "colmap_im_id": 7
        },
        {
            "file_path": "images/frame_00008.png",
            "transform_matrix": [
                [
                    -0.22964459098272308,
                    -0.9457128082171223,
                    0.2299796647672621,
                    2.284685052519894
                ],
                [
                    0.9716992469632757,
                    -0.20934147632247344,
                    0.10943820056145971,
                    1.082052724647686
                ],
                [
                    -0.05535282543268054,
                    0.24860295787703682,
                    0.9670225612938962,
                    2.877358525308122
                ],
                [
                    0.0,
                    0.0,
                    0.0,
                    1.0
                ]
            ],
            "colmap_im_id": 8
        },
        {
            "file_path": "images/frame_00009.png",
            "transform_matrix": [
                [
                    -0.20546738339005274,
                    -0.9534203035129715,
                    0.22084582679344134,
                    2.2940729368830346
                ],
                [
                    0.9786370321205067,
                    -0.198487939354734,
                    0.053591951756564886,
                    0.9353583589665981
                ],
                [
                    -0.007260421834273943,
                    0.22713930258752024,
                    0.9738352137270677,
                    2.8916378550352544
                ],
                [
                    0.0,
                    0.0,
                    0.0,
                    1.0
                ]
            ],
            "colmap_im_id": 9
        },
        {
            "file_path": "images/frame_00010.png",
            "transform_matrix": [
                [
                    -0.17044504416184467,
                    -0.9624786776405476,
                    0.211147536116266,
                    2.321885054714482
                ],
                [
                    0.9831507418574852,
                    -0.1804757987065055,
                    -0.029036268119812213,
                    0.7261899651188751
                ],
                [
                    0.06605380916906707,
                    0.20264076877211049,
                    0.97702283142499,
                    2.8834986978109085
                ],
                [
                    0.0,
                    0.0,
                    0.0,
                    1.0
                ]
            ],
            "colmap_im_id": 10
        },
        {
            "file_path": "images/frame_00011.png",
            "transform_matrix": [
                [
                    -0.13894741200205413,
                    -0.9677568647785129,
                    0.21009585281959936,
                    2.328826080608869
                ],
                [
                    0.9836117017770463,
                    -0.15948232052045766,
                    -0.08410356454201628,
                    0.4640859494730206
                ],
                [
                    0.11489837607727321,
                    0.19496676669492508,
                    0.9740566323676114,
                    2.9423144499191483
                ],
                [
                    0.0,
                    0.0,
                    0.0,
                    1.0
                ]
            ],
            "colmap_im_id": 11
        },
        {
            "file_path": "images/frame_00012.png",
            "transform_matrix": [
                [
                    -0.09958404271403759,
                    -0.9737302073537516,
                    0.2047742701697375,
                    2.3480029403090823
                ],
                [
                    0.9797815404495224,
                    -0.13184857552499668,
                    -0.15047952062121372,
                    0.1439294471132475
                ],
                [
                    0.17352565064303832,
                    0.18564869086220123,
                    0.9671728967201577,
                    3.062917230668353
                ],
                [
                    0.0,
                    0.0,
                    0.0,
                    1.0
                ]
            ],
            "colmap_im_id": 12
        },
        {
            "file_path": "images/frame_00013.png",
            "transform_matrix": [
                [
                    -0.05886267553841504,
                    -0.9766315731675514,
                    0.2067025779247384,
                    2.3395894012336527
                ],
                [
                    0.9731659429444698,
                    -0.10227954458301683,
                    -0.20612360915938657,
                    -0.10995219203965607
                ],
                [
                    0.22244827021458308,
                    0.18902292202842474,
                    0.9564450334579483,
                    3.1405292495523573
                ],
                [
                    0.0,
                    0.0,
                    0.0,
                    1.0
                ]
            ],
            "colmap_im_id": 13
        },
        {
            "file_path": "images/frame_00014.png",
            "transform_matrix": [
                [
                    -0.02472341362843153,
                    -0.978370388340279,
                    0.20537803202253427,
                    2.3495461564065137
                ],
                [
                    0.9643669636523815,
                    -0.07747283377624187,
                    -0.2529709853769106,
                    -0.2640869753827491
                ],
                [
                    0.2634105393382046,
                    0.1918054828350077,
                    0.9454234736455331,
                    3.1331182122273726
                ],
                [
                    0.0,
                    0.0,
                    0.0,
                    1.0
                ]
            ],
            "colmap_im_id": 14
        },
        {
            "file_path": "images/frame_00015.png",
            "transform_matrix": [
                [
                    0.022288199921436238,
                    -0.9799344634447459,
                    0.19806989548520562,
                    2.37554359413457
                ],
                [
                    0.9454656424130563,
                    -0.04373630926257211,
                    -0.32277213985806646,
                    -0.5014554625980883
                ],
                [
                    0.3249583898912731,
                    0.19446229095983325,
                    0.9255195633988103,
                    3.0266154405946595
                ],
                [
                    0.0,
                    0.0,
                    0.0,
                    1.0
                ]
            ],
            "colmap_im_id": 15
        },
        {
            "file_path": "images/frame_00016.png",
            "transform_matrix": [
                [
                    0.05576260949293603,
                    -0.9805731084620996,
                    0.1880609218937157,
                    2.339333819632685
                ],
                [
                    0.9255090263748859,
                    -0.019902910684751814,
                    -0.3782022160761169,
                    -0.7204494016398255
                ],
                [
                    0.3745978823767552,
                    0.19514162320543177,
                    0.9064194246658663,
                    2.8936969771016363
                ],
                [
                    0.0,
                    0.0,
                    0.0,
                    1.0
                ]
            ],
            "colmap_im_id": 16
        },
        {
            "file_path": "images/frame_00017.png",
            "transform_matrix": [
                [
                    0.10136651890833615,
                    -0.9792196597477325,
                    0.17565217564249247,
                    2.185029372407221
                ],
                [
                    0.8954980409407121,
                    0.012897654519824178,
                    -0.4448785330618168,
                    -1.0275759331580672
                ],
                [
                    0.4333683046967702,
                    0.20239196740834936,
                    0.878196677295482,
                    2.6897578692503052
                ],
                [
                    0.0,
                    0.0,
                    0.0,
                    1.0
                ]
            ],
            "colmap_im_id": 17
        },
        {
            "file_path": "images/frame_00018.png",
            "transform_matrix": [
                [
                    0.1381743443796873,
                    -0.976019532359349,
                    0.16820738095660695,
                    2.1065774430794018
                ],
                [
                    0.8709608397281641,
                    0.038887115760961946,
                    -0.4898111961642004,
                    -1.2570545935451878
                ],
                [
                    0.4715241947294484,
                    0.2141813826662604,
                    0.8554479932198767,
                    2.510085490800814
                ],
                [
                    0.0,
                    0.0,
                    0.0,
                    1.0
                ]
            ],
            "colmap_im_id": 18
        },
        {
            "file_path": "images/frame_00019.png",
            "transform_matrix": [
                [
                    0.1654922022823315,
                    -0.9725869494221688,
                    0.16336142995647196,
                    2.0775982822323393
                ],
                [
                    0.8471498149811076,
                    0.0553850232090492,
                    -0.5284597337372151,
                    -1.3779224095540732
                ],
                [
                    0.5049252637383271,
                    0.22584757031638067,
                    0.8330926437203537,
                    2.431990671488256
                ],
                [
                    0.0,
                    0.0,
                    0.0,
                    1.0
                ]
            ],
            "colmap_im_id": 19
        },
        {
            "file_path": "images/frame_00020.png",
            "transform_matrix": [
                [
                    0.1953045231671482,
                    -0.9688282259618459,
                    0.15240738764927186,
                    2.055614313679169
                ],
                [
                    0.8124484326209181,
                    0.07278003035755785,
                    -0.5784726540753387,
                    -1.5232723581536278
                ],
                [
                    0.5493484209154207,
                    0.23680146908491828,
                    0.8013372427866798,
                    2.343434607028459
                ],
                [
                    0.0,
                    0.0,
                    0.0,
                    1.0
                ]
            ],
            "colmap_im_id": 20
        },
        {
            "file_path": "images/frame_00021.png",
            "transform_matrix": [
                [
                    0.21700894311595997,
                    -0.9657036193500881,
                    0.1425609981090005,
                    2.007307196172534
                ],
                [
                    0.7825282578597551,
                    0.08478991891726843,
                    -0.616814555033342,
                    -1.7074684517323504
                ],
                [
                    0.5835723127930854,
                    0.24541228417531066,
                    0.7740905415500088,
                    2.2253618164396927
                ],
                [
                    0.0,
                    0.0,
                    0.0,
                    1.0
                ]
            ],
            "colmap_im_id": 21
        },
        {
            "file_path": "images/frame_00022.png",
            "transform_matrix": [
                [
                    0.2432658472762933,
                    -0.9611315001470613,
                    0.13056786348105218,
                    1.8658346119855913
                ],
                [
                    0.7465045356382346,
                    0.0995701563338473,
                    -0.6578881076894434,
                    -2.0303349336768544
                ],
                [
                    0.6193163212934814,
                    0.25751121022726897,
                    0.7417110426485481,
                    2.109267989681307
                ],
                [
                    0.0,
                    0.0,
                    0.0,
                    1.0
                ]
            ],
            "colmap_im_id": 22
        },
        {
            "file_path": "images/frame_00023.png",
            "transform_matrix": [
                [
                    0.265547800382272,
                    -0.95572821682711,
                    0.12675938337105455,
                    1.7924724424636813
                ],
                [
                    0.721825137623841,
                    0.10993276009208643,
                    -0.6832885619947539,
                    -2.298125657871034
                ],
                [
                    0.6391031500520552,
                    0.2729438840109973,
                    0.7190610542746225,
                    2.0264466617249757
                ],
                [
                    0.0,
                    0.0,
                    0.0,
                    1.0
                ]
            ],
            "colmap_im_id": 23
        },
        {
            "file_path": "images/frame_00024.png",
            "transform_matrix": [
                [
                    0.28361860466747,
                    -0.9512935550855246,
                    0.12083484240574509,
                    1.7480353430161395
                ],
                [
                    0.6923628767486177,
                    0.11595997145111814,
                    -0.7121705778262918,
                    -2.4282941257547637
                ],
                [
                    0.6634712759320147,
                    0.2856463846678263,
                    0.6915287477316793,
                    1.9519169368483955
                ],
                [
                    0.0,
                    0.0,
                    0.0,
                    1.0
                ]
            ],
            "colmap_im_id": 24
        },
        {
            "file_path": "images/frame_00025.png",
            "transform_matrix": [
                [
                    0.2988664406980096,
                    -0.948030652778238,
                    0.10916378528326806,
                    1.6908049721857954
                ],
                [
                    0.6701683478465954,
                    0.12706836207084837,
                    -0.7312509944644154,
                    -2.543160961190733
                ],
                [
                    0.6793770942334368,
                    0.29170449560042805,
                    0.6733166053777614,
                    1.8332327539135753
                ],
                [
                    0.0,
                    0.0,
                    0.0,
                    1.0
                ]
            ],
            "colmap_im_id": 25
        },
        {
            "file_path": "images/frame_00026.png",
            "transform_matrix": [
                [
                    0.3166714203803234,
                    -0.9438638652449916,
                    0.09402241966197632,
                    1.602867479763753
                ],
                [
                    0.6420008087658698,
                    0.14030979353120895,
                    -0.7537560105121538,
                    -2.6479137889885536
                ],
                [
                    0.6982507952435695,
                    0.29905545593420263,
                    0.6503934664629626,
                    1.5812287040408313
                ],
                [
                    0.0,
                    0.0,
                    0.0,
                    1.0
                ]
            ],
            "colmap_im_id": 26
        },
        {
            "file_path": "images/frame_00027.png",
            "transform_matrix": [
                [
                    0.33247281537998136,
                    -0.9407988316304688,
                    0.06602564226157737,
                    1.4403609174511567
                ],
                [
                    0.606380044526183,
                    0.15962138757844288,
                    -0.7789892516767848,
                    -2.7425806693649837
                ],
                [
                    0.7223330731966615,
                    0.2990293815501706,
                    0.6235514095373287,
                    1.2936015974319783
                ],
                [
                    0.0,
                    0.0,
                    0.0,
                    1.0
                ]
            ],
            "colmap_im_id": 27
        },
        {
            "file_path": "images/frame_00028.png",
            "transform_matrix": [
                [
                    0.3471190453002644,
                    -0.9365757536422545,
                    0.04831382906866211,
                    1.2959942207250952
                ],
                [
                    0.5795781910961234,
                    0.17373505846086268,
                    -0.7961816688842729,
                    -2.7914814703357766
                ],
                [
                    0.7372906406537238,
                    0.3043714624452226,
                    0.6031256287485867,
                    1.0383975338046516
                ],
                [
                    0.0,
                    0.0,
                    0.0,
                    1.0
                ]
            ],
            "colmap_im_id": 28
        },
        {
            "file_path": "images/frame_00029.png",
            "transform_matrix": [
                [
                    0.3549048628236426,
                    -0.9339404174876548,
                    0.04240088356528438,
                    1.2202192424260279
                ],
                [
                    0.5674099689341788,
                    0.17913169721678449,
                    -0.8037149757260644,
                    -2.7987886650670397
                ],
                [
                    0.7430265577341403,
                    0.30930103723592584,
                    0.5935018137011333,
                    0.8926986162347597
                ],
                [
                    0.0,
                    0.0,
                    0.0,
                    1.0
                ]
            ],
            "colmap_im_id": 29
        },
        {
            "file_path": "images/frame_00030.png",
            "transform_matrix": [
                [
                    0.36776053899822025,
                    -0.929615128373422,
                    0.02383063270256511,
                    1.1187992164426828
                ],
                [
                    0.5302401175906352,
                    0.18857561444080365,
                    -0.8266103406900632,
                    -2.8061152272836165
                ],
                [
                    0.7639356017709922,
                    0.31663062192014757,
                    0.5622699045914273,
                    0.716371637782458
                ],
                [
                    0.0,
                    0.0,
                    0.0,
                    1.0
                ]
            ],
            "colmap_im_id": 30
        },
        {
            "file_path": "images/frame_00031.png",
            "transform_matrix": [
                [
                    0.378570686557294,
                    -0.92549805433251,
                    0.011729735984985125,
                    1.0587440727308917
                ],
                [
                    0.4982717250019413,
                    0.19310314685748836,
                    -0.8452434340101819,
                    -2.843990547690259
                ],
                [
                    0.7800061046832448,
                    0.32582898290433526,
                    0.5342527029004135,
                    0.6047148464078715
                ],
                [
                    0.0,
                    0.0,
                    0.0,
                    1.0
                ]
            ],
            "colmap_im_id": 31
        },
        {
            "file_path": "images/frame_00032.png",
            "transform_matrix": [
                [
                    0.3900631792121933,
                    -0.9207851389260976,
                    -0.0023332714637520043,
                    0.9737512944344229
                ],
                [
                    0.45121738899376496,
                    0.19335246158278283,
                    -0.8712162151093882,
                    -2.9038246044993077
                ],
                [
                    0.8026540874452239,
                    0.33877655398909434,
                    0.4908939420839785,
                    0.43645307959367063
                ],
                [
                    0.0,
                    0.0,
                    0.0,
                    1.0
                ]
            ],
            "colmap_im_id": 32
        },
        {
            "file_path": "images/frame_00033.png",
            "transform_matrix": [
                [
                    0.4000912684488502,
                    -0.9162664969950086,
                    -0.019562295250965304,
                    0.8494152473950797
                ],
                [
                    0.3943632869430577,
                    0.19138969513217502,
                    -0.898803417054408,
                    -3.02713608239362
                ],
                [
                    0.8272874801557543,
                    0.3518887481601378,
                    0.4379152133642237,
                    0.2566047733791739
                ],
                [
                    0.0,
                    0.0,
                    0.0,
                    1.0
                ]
            ],
            "colmap_im_id": 33
        },
        {
            "file_path": "images/frame_00034.png",
            "transform_matrix": [
                [
                    0.40970058300413964,
                    -0.9114411239659453,
                    -0.037689651494309605,
                    0.7216124406603422
                ],
                [
                    0.34335234472733683,
                    0.19235436668341296,
                    -0.9192980827718849,
                    -3.170679393315265
                ],
                [
                    0.8451358468650517,
                    0.3636961302537016,
                    0.3917531431682129,
                    0.09649345465113018
                ],
                [
                    0.0,
                    0.0,
                    0.0,
                    1.0
                ]
            ],
            "colmap_im_id": 34
        },
        {
            "file_path": "images/frame_00035.png",
            "transform_matrix": [
                [
                    0.41821210459161107,
                    -0.9068101716763477,
                    -0.05285781037243086,
                    0.6411305871739038
                ],
                [
                    0.30124484240599914,
                    0.19335856213183963,
                    -0.9337365856461296,
                    -3.281700400015719
                ],
                [
                    0.8569423437413043,
                    0.37457679986168396,
                    0.3540367784687629,
                    -0.03682343757854904
                ],
                [
                    0.0,
                    0.0,
                    0.0,
                    1.0
                ]
            ],
            "colmap_im_id": 35
        },
        {
            "file_path": "images/frame_00036.png",
            "transform_matrix": [
                [
                    0.4276623826602999,
                    -0.9007850604779912,
                    -0.07543978576968993,
                    0.5663914378417411
                ],
                [
                    0.2442555671580771,
                    0.19550884462993223,
                    -0.949797615065312,
                    -3.3732721682686897
                ],
                [
                    0.8703126474834205,
                    0.3877661234444424,
                    0.3036335441601738,
                    -0.18501752791329418
                ],
                [
                    0.0,
                    0.0,
                    0.0,
                    1.0
                ]
            ],
            "colmap_im_id": 36
        },
        {
            "file_path": "images/frame_00037.png",
            "transform_matrix": [
                [
                    0.43533942855336893,
                    -0.8949628603064702,
                    -0.0975759223317302,
                    0.5138317780087543
                ],
                [
                    0.18983239055090806,
                    0.1972046030788217,
                    -0.9618076772527092,
                    -3.438809100335053
                ],
                [
                    0.8800245709322857,
                    0.40018973399699553,
                    0.25574387843868385,
                    -0.31147492089733697
                ],
                [
                    0.0,
                    0.0,
                    0.0,
                    1.0
                ]
            ],
            "colmap_im_id": 37
        },
        {
            "file_path": "images/frame_00038.png",
            "transform_matrix": [
                [
                    0.4422848841242943,
                    -0.8887239388404617,
                    -0.1206393045696736,
                    0.4471789253128387
                ],
                [
                    0.1338053107370877,
                    0.19839050587218587,
                    -0.9709466236608115,
                    -3.478127849616742
                ],
                [
                    0.8868372004453302,
                    0.4132928353016454,
                    0.20666110469707638,
                    -0.48945840526593826
                ],
                [
                    0.0,
                    0.0,
                    0.0,
                    1.0
                ]
            ],
            "colmap_im_id": 38
        },
        {
            "file_path": "images/frame_00039.png",
            "transform_matrix": [
                [
                    0.4449654962774516,
                    -0.8821625918970827,
                    -0.15425585428106917,
                    0.28070036033628304
                ],
                [
                    0.06165406701118685,
                    0.20201464987114776,
                    -0.9774399507173918,
                    -3.515153132916511
                ],
                [
                    0.8934229027417759,
                    0.4254165519756593,
                    0.1442784604908159,
                    -0.7254742186553139
                ],
                [
                    0.0,
                    0.0,
                    0.0,
                    1.0
                ]
            ],
            "colmap_im_id": 39
        },
        {
            "file_path": "images/frame_00040.png",
            "transform_matrix": [
                [
                    0.4465348131813121,
                    -0.87452364271009,
                    -0.18924866963391207,
                    0.10622183771737002
                ],
                [
                    0.0016437656276903504,
                    0.21230767382959756,
                    -0.9772014887768163,
                    -3.540061338287709
                ],
                [
                    0.8947647504521464,
                    0.43604340377322537,
                    0.09624027937494775,
                    -0.9694327515760174
                ],
                [
                    0.0,
                    0.0,
                    0.0,
                    1.0
                ]
            ],
            "colmap_im_id": 40
        },
        {
            "file_path": "images/frame_00041.png",
            "transform_matrix": [
                [
                    0.4497566982917435,
                    -0.8668179499902403,
                    -0.2152801753911102,
                    0.020273410907564716
                ],
                [
                    -0.05104537294121504,
                    0.2156938246718156,
                    -0.9751259118184358,
                    -3.556816909298595
                ],
                [
                    0.8916912482709479,
                    0.44955846735787497,
                    0.05276269689692277,
                    -1.1575416919813493
                ],
                [
                    0.0,
                    0.0,
                    0.0,
                    1.0
                ]
            ],
            "colmap_im_id": 41
        },
        {
            "file_path": "images/frame_00042.png",
            "transform_matrix": [
                [
                    0.4509216669772108,
                    -0.8588482473247171,
                    -0.24300069612607064,
                    -0.03269103624586931
                ],
                [
                    -0.10803069381254816,
                    0.21773344733685085,
                    -0.9700110901970089,
                    -3.576024728361657
                ],
                [
                    0.8860017039740231,
                    0.4636505515774486,
                    0.005398756991647419,
                    -1.2770614852142437
                ],
                [
                    0.0,
                    0.0,
                    0.0,
                    1.0
                ]
            ],
            "colmap_im_id": 42
        },
        {
            "file_path": "images/frame_00043.png",
            "transform_matrix": [
                [
                    0.4488673685412362,
                    -0.8510938570309642,
                    -0.2723184385659967,
                    -0.11193522610603057
                ],
                [
                    -0.17246551218844958,
                    0.21650280762347313,
                    -0.9609277711653093,
                    -3.606138584295598
                ],
                [
                    0.8767974296064296,
                    0.4782946589868111,
                    -0.04960329243355048,
                    -1.4286750442979268
                ],
                [
                    0.0,
                    0.0,
                    0.0,
                    1.0
                ]
            ],
            "colmap_im_id": 43
        },
        {
            "file_path": "images/frame_00044.png",
            "transform_matrix": [
                [
                    0.4429996047533059,
                    -0.8448881477983686,
                    -0.2998589133213429,
                    -0.20275542348259365
                ],
                [
                    -0.23551984706697618,
                    0.21304626530925774,
                    -0.948230821306355,
                    -3.6612307163860853
                ],
                [
                    0.8650328039016567,
                    0.4906886044607305,
                    -0.10460851603200338,
                    -1.6182230592285265
                ],
                [
                    0.0,
                    0.0,
                    0.0,
                    1.0
                ]
            ],
            "colmap_im_id": 44
        },
        {
            "file_path": "images/frame_00045.png",
            "transform_matrix": [
                [
                    0.4393487197548856,
                    -0.8373755913076332,
                    -0.3252304129873691,
                    -0.3927761524593827
                ],
                [
                    -0.2895386221428504,
                    0.21072218636450202,
                    -0.9336827868507501,
                    -3.772633139444376
                ],
                [
                    0.8503764394298339,
                    0.5043791027153641,
                    -0.14987205212007235,
                    -1.8222202318847158
                ],
                [
                    0.0,
                    0.0,
                    0.0,
                    1.0
                ]
            ],
            "colmap_im_id": 45
        },
        {
