{
    "w": 3840,
    "h": 2160,
    "fl_x": 1690.2155856294648,
    "fl_y": 1690.1632147527068,
    "cx": 1920.0,
    "cy": 1080.0,
    "k1": -0.0012933944751546303,
    "k2": 0.00016231043370189686,
    "p1": -0.0003128242640139998,
    "p2": -0.00044585066742289,
    "camera_model": "OPENCV",
    "frames": [
        {
            "file_path": "images/frame_00001.png",
            "transform_matrix": [
                [
                    -0.4608543693176829,
                    -0.8501982901995903,
                    0.2545115274845016,
                    2.8020854368910744
                ],
                [
                    0.6938875587832234,
                    -0.16639876464870917,
                    0.7005936817365984,
                    4.273338771371263
                ],
                [
                    -0.5532931465748147,
                    0.4994740418330836,
                    0.6666276138056866,
                    2.245543362932779
                ],
                [
                    0.0,
                    0.0,
                    0.0,
                    1.0
                ]
            ],
            "colmap_im_id": 1
        },
        {
            "file_path": "images/frame_00002.png",
            "transform_matrix": [
                [
                    -0.45922218254427755,
                    -0.8508071046973865,
                    0.25542564016895514,
                    2.8151857077290865
                ],
                [
                    0.6949331745534211,
                    -0.16496999297130982,
                    0.69989483804651,
                    4.278812645403514
                ],
                [
                    -0.5533379346876325,
                    0.4989109860641438,
                    0.6670119624265587,
                    2.2616495041033637
                ],
                [
                    0.0,
                    0.0,
                    0.0,
                    1.0
                ]
            ],
            "colmap_im_id": 2
        },
        {
            "file_path": "images/frame_00003.png",
            "transform_matrix": [
                [
                    -0.4530183757692211,
                    -0.8540512295962398,
                    0.25567723488916183,
                    2.8258920713939766
                ],
                [
                    0.7043616606198627,
                    -0.1670834632860986,
                    0.6898969251599489,
                    4.285824815116417
                ],
                [
                    -0.5464878793388249,
                    0.4926252262333648,
                    0.6772528214886075,
                    2.284917924214841
                ],
                [
                    0.0,
                    0.0,
                    0.0,
                    1.0
                ]
            ],
            "colmap_im_id": 3
        },
        {
            "file_path": "images/frame_00004.png",
            "transform_matrix": [
                [
                    -0.45246747423090466,
                    -0.8550034307502151,
                    0.2534606836739534,
                    2.838335491261406
                ],
                [
                    0.7027058723521347,
                    -0.1668383437895591,
                    0.6916425550841868,
                    4.294208741057832
                ],
                [
                    -0.5490697967698925,
                    0.4910540707976252,
                    0.676304855688727,
                    2.307312848599
                ],
                [
                    0.0,
                    0.0,
                    0.0,
                    1.0
                ]
            ],
            "colmap_im_id": 4
        },
        {
            "file_path": "images/frame_00005.png",
            "transform_matrix": [
                [
                    -0.4393379317797696,
                    -0.8591057943633872,
                    0.2625250764988517,
                    2.86007425520101
                ],
                [
                    0.7277686399530692,
                    -0.16906795269449168,
                    0.6646569296054565,
                    4.293759553999308
                ],
                [
                    -0.5266260422732001,
                    0.483066518673098,
                    0.6995082202066814,
                    2.365254732092564
                ],
                [
                    0.0,
                    0.0,
                    0.0,
                    1.0
                ]
            ],
            "colmap_im_id": 5
        },
        {
            "file_path": "images/frame_00006.png",
            "transform_matrix": [
                [
                    -0.42312090250617274,
                    -0.8578830032899849,
                    0.29155694903143275,
                    2.9297768503102906
                ],
                [
                    0.7515725794849077,
                    -0.15258027137835245,
                    0.6417615745372346,
                    4.238480426259155
                ],
                [
                    -0.5060705085546519,
                    0.49066894486228074,
                    0.709321243809159,
                    2.4195300686971706
                ],
                [
                    0.0,
                    0.0,
                    0.0,
                    1.0
                ]
            ],
            "colmap_im_id": 6
        },
        {
            "file_path": "images/frame_00007.png",
            "transform_matrix": [
                [
                    -0.4074179689366548,
                    -0.862788424020053,
                    0.2993438390288405,
                    2.9947958112076334
                ],
                [
                    0.7734623584771749,
                    -0.1517189536155848,
                    0.6154163949170658,
                    4.109958872430265
                ],
                [
                    -0.48555800745787003,
                    0.482262889398288,
                    0.7291473972406112,
                    2.459833975296682
                ],
                [
                    0.0,
                    0.0,
                    0.0,
                    1.0
                ]
            ],
            "colmap_im_id": 7
        },
        {
            "file_path": "images/frame_00008.png",
            "transform_matrix": [
                [
                    -0.38872424632555025,
                    -0.8677339756651119,
                    0.3097276348585187,
                    3.0287759771775997
                ],
                [
                    0.8003691361878734,
                    -0.15150501514207954,
                    0.5800478223600841,
                    3.8974450925602873
                ],
                [
                    -0.4564019129632461,
                    0.47337509214492596,
                    0.7534011653696007,
                    2.4975951667007807
                ],
                [
                    0.0,
                    0.0,
                    0.0,
                    1.0
                ]
            ],
            "colmap_im_id": 8
        },
        {
            "file_path": "images/frame_00009.png",
            "transform_matrix": [
                [
                    -0.3549637573092049,
                    -0.875866851955189,
                    0.3268914019105411,
                    3.031508245545113
                ],
                [
                    0.8419432619193946,
                    -0.14751001842810346,
                    0.5190109229793434,
                    3.5201459568821125
                ],
                [
                    -0.40636470652046214,
                    0.45945408052323095,
                    0.7897909047242131,
                    2.5550330193850477
                ],
                [
                    0.0,
                    0.0,
                    0.0,
                    1.0
                ]
            ],
            "colmap_im_id": 9
        },
        {
            "file_path": "images/frame_00010.png",
            "transform_matrix": [
                [
                    -0.3303275382493041,
                    -0.8808649297145963,
                    0.3390585393011859,
                    3.0265553816892856
                ],
                [
                    0.8657553544507679,
                    -0.139678541620024,
                    0.4805804524226181,
                    3.295096618853812
                ],
                [
                    -0.3759672641520531,
                    0.4522907036517582,
                    0.8087531982479067,
                    2.56412601533373
                ],
                [
                    0.0,
                    0.0,
                    0.0,
                    1.0
                ]
            ],
            "colmap_im_id": 10
        },
        {
            "file_path": "images/frame_00011.png",
            "transform_matrix": [
                [
                    -0.29782077934838236,
                    -0.8856766078743485,
                    0.35620181028808584,
                    3.031655543844013
                ],
                [
                    0.8939399167066663,
                    -0.12783514300768062,
                    0.42956908819267287,
                    3.052609854085492
                ],
                [
                    -0.33492418352039127,
                    0.446357617249211,
                    0.8298136349908971,
                    2.570544593400278
                ],
                [
                    0.0,
                    0.0,
                    0.0,
                    1.0
                ]
            ],
            "colmap_im_id": 11
        },
        {
            "file_path": "images/frame_00012.png",
            "transform_matrix": [
                [
                    -0.2609567465902667,
                    -0.8895193394324079,
                    0.3750425591646314,
                    3.047059647391446
                ],
                [
                    0.9220700883607796,
                    -0.11465261926572959,
                    0.3696505499060589,
                    2.7430822416062237
                ],
                [
                    -0.28581170122891647,
                    0.44227833054677274,
                    0.8501185504207001,
                    2.585283676697073
                ],
                [
                    0.0,
                    0.0,
                    0.0,
                    1.0
                ]
            ],
            "colmap_im_id": 12
        },
        {
            "file_path": "images/frame_00013.png",
            "transform_matrix": [
                [
                    -0.22417238604915785,
                    -0.8949490761247145,
                    0.3857627411720155,
                    3.0410991219444496
                ],
                [
                    0.9456867532896017,
                    -0.10414305601757878,
                    0.3079460805658866,
                    2.419156108949338
                ],
                [
                    -0.2354215495352952,
                    0.43384372189400133,
                    0.8696874835178215,
                    2.6821219864451114
                ],
                [
                    0.0,
                    0.0,
                    0.0,
                    1.0
                ]
            ],
            "colmap_im_id": 13
        },
        {
            "file_path": "images/frame_00014.png",
            "transform_matrix": [
                [
                    -0.18596811497600615,
                    -0.9000468222866475,
                    0.39412127309240635,
                    3.105699490772571
                ],
                [
                    0.9647672684776462,
                    -0.09128669261810357,
                    0.2467607290981068,
                    2.073259517942689
                ],
                [
                    -0.1861181825788451,
                    0.4261249317307732,
                    0.8853121283880571,
                    2.80929567511469
                ],
                [
                    0.0,
                    0.0,
                    0.0,
                    1.0
                ]
            ],
            "colmap_im_id": 14
        },
        {
            "file_path": "images/frame_00015.png",
            "transform_matrix": [
                [
                    -0.16359897997479664,
                    -0.9041889874505016,
                    0.39456006985558323,
                    3.125555690896594
                ],
                [
                    0.9742619889014275,
                    -0.08521045517495865,
                    0.20869296900161935,
                    1.871897480295767
                ],
                [
                    -0.1550772411833554,
                    0.41854683525516345,
                    0.894857304806105,
                    2.8909341618429694
                ],
                [
                    0.0,
                    0.0,
                    0.0,
                    1.0
                ]
            ],
            "colmap_im_id": 15
        },
        {
            "file_path": "images/frame_00016.png",
            "transform_matrix": [
                [
                    -0.1313214583959484,
                    -0.9069928816080858,
                    0.4001482066397673,
                    3.1715642523943988
                ],
                [
                    0.9849992863007397,
                    -0.07380012144552062,
                    0.1559806015556414,
                    1.5256323115916572
                ],
                [
                    -0.11194230903369175,
                    0.4146292980324559,
                    0.9030788806418399,
                    2.928654135714635
                ],
                [
                    0.0,
                    0.0,
                    0.0,
                    1.0
                ]
            ],
            "colmap_im_id": 16
        },
        {
            "file_path": "images/frame_00017.png",
            "transform_matrix": [
                [
                    -0.1106614944525736,
                    -0.9102007849783744,
                    0.39910971507879145,
                    3.1947693168413496
                ],
                [
                    0.99059803515418,
                    -0.0685143613943408,
                    0.11841163385159326,
                    1.3129449884014759
                ],
                [
                    -0.08043361482739132,
                    0.40846090793058354,
                    0.9092250108187313,
                    2.930681766686949
                ],
                [
                    0.0,
                    0.0,
                    0.0,
                    1.0
                ]
            ],
            "colmap_im_id": 17
        },
        {
            "file_path": "images/frame_00018.png",
            "transform_matrix": [
                [
                    -0.08020662402560944,
                    -0.9172295370383081,
                    0.3902010684850892,
                    3.170305158609058
                ],
                [
                    0.996080521490789,
                    -0.05910946800871766,
                    0.06580019375628397,
                    0.9616933822059072
                ],
                [
                    -0.037289303681520516,
                    0.39394929518431315,
                    0.9183754464568019,
                    2.9480413666750716
                ],
                [
                    0.0,
                    0.0,
                    0.0,
                    1.0
                ]
            ],
            "colmap_im_id": 18
        },
        {
            "file_path": "images/frame_00019.png",
            "transform_matrix": [
                [
                    -0.045807376922867536,
                    -0.920704245354178,
                    0.38756338424345527,
                    3.1211531501306586
                ],
                [
                    0.9989094164423356,
                    -0.04572729565976159,
                    0.009433566371096819,
                    0.6176359189082978
                ],
                [
                    0.00903670085149902,
                    0.38757284091953426,
                    0.9217947879106727,
                    2.896599945426277
                ],
                [
                    0.0,
                    0.0,
                    0.0,
                    1.0
                ]
            ],
            "colmap_im_id": 19
        },
        {
            "file_path": "images/frame_00020.png",
            "transform_matrix": [
                [
                    -0.017737332820261013,
                    -0.9202774947727916,
                    0.3908640679816166,
                    3.095998141973604
                ],
                [
                    0.9989298229069092,
                    -0.03301205714801775,
                    -0.032394644465209003,
                    0.38192568796662885
                ],
                [
                    0.04271528920181365,
                    0.38987117961907686,
                    0.9198781807233146,
                    2.8741908267605174
                ],
                [
                    0.0,
                    0.0,
                    0.0,
                    1.0
                ]
            ],
            "colmap_im_id": 20
        },
        {
            "file_path": "images/frame_00021.png",
            "transform_matrix": [
                [
                    0.020327907338954187,
                    -0.9222339585919532,
                    0.38609752887455057,
                    3.083521372378932
                ],
                [
                    0.9949050400167317,
                    -0.019481997819066205,
                    -0.0989161923563744,
                    0.10040070407431596
                ],
                [
                    0.0987458228611431,
                    0.3861411366078385,
                    0.9171391852312725,
                    2.8592300030316853
                ],
                [
                    0.0,
                    0.0,
                    0.0,
                    1.0
                ]
            ],
            "colmap_im_id": 21
        },
        {
            "file_path": "images/frame_00022.png",
            "transform_matrix": [
                [
                    0.05565087174761039,
                    -0.9198638732113342,
                    0.3882697969638815,
                    3.048528743910752
                ],
                [
                    0.9890793669827121,
                    -0.00236362994757287,
                    -0.14736491801832802,
                    -0.28191597694589016
                ],
                [
                    0.13647339038365178,
                    0.3922306311522771,
                    0.9096868393590609,
                    2.8744661784744965
                ],
                [
                    0.0,
                    0.0,
                    0.0,
                    1.0
                ]
            ],
            "colmap_im_id": 22
        },
        {
            "file_path": "images/frame_00023.png",
            "transform_matrix": [
                [
                    0.07819192549394266,
                    -0.9181978149162469,
                    0.3883282058653209,
                    3.013813148966135
                ],
                [
                    0.9837374704620969,
                    0.007883941338198868,
                    -0.17943921722357853,
                    -0.5477442427178022
                ],
                [
                    0.16169914036996139,
                    0.3960437048508727,
                    0.9038820563832487,
                    2.9037938524737106
                ],
                [
                    0.0,
                    0.0,
                    0.0,
                    1.0
                ]
            ],
            "colmap_im_id": 23
        },
        {
            "file_path": "images/frame_00024.png",
            "transform_matrix": [
                [
                    0.1005101203147501,
                    -0.9194371485059171,
                    0.38017501977592194,
                    2.973609336655341
                ],
                [
                    0.9781861006541025,
                    0.021499879008533875,
                    -0.20661487770666603,
                    -0.8357726228162825
                ],
                [
                    0.18179567707026653,
                    0.39264880637781974,
                    0.9015415945194302,
                    2.9130667336536313
                ],
                [
                    0.0,
                    0.0,
                    0.0,
                    1.0
                ]
            ],
            "colmap_im_id": 24
        },
        {
            "file_path": "images/frame_00025.png",
            "transform_matrix": [
                [
                    0.10963842712170058,
                    -0.9215526520171509,
                    0.372451506720587,
                    2.957579822783704
                ],
                [
                    0.976132213378243,
                    0.029152673714436292,
                    -0.2152115787326327,
                    -0.9866315052155578
                ],
                [
                    0.18747084387598015,
                    0.38715737262185196,
                    0.9027534832505341,
                    2.8902551509098324
                ],
                [
                    0.0,
                    0.0,
                    0.0,
                    1.0
                ]
            ],
            "colmap_im_id": 25
        },
        {
            "file_path": "images/frame_00026.png",
            "transform_matrix": [
                [
                    0.11897481028265762,
                    -0.9258906795306119,
                    0.3585686044211726,
                    2.901519072569185
                ],
                [
                    0.9740465504424567,
                    0.03880295170047927,
                    -0.22299696973385297,
                    -1.2014400072129647
                ],
                [
                    0.19255729560148144,
                    0.37579353440110175,
                    0.9064771963005863,
                    2.7632849621492253
                ],
                [
                    0.0,
                    0.0,
                    0.0,
                    1.0
                ]
            ],
            "colmap_im_id": 26
        },
        {
            "file_path": "images/frame_00027.png",
            "transform_matrix": [
                [
                    0.1302566314137425,
                    -0.9329417068366948,
                    0.3356381706799442,
                    2.7676013826399832
                ],
                [
                    0.9692233504308695,
                    0.04848963046631375,
                    -0.24136042077523948,
                    -1.3995245236383789
                ],
                [
                    0.2089002320542147,
                    0.35674714768568966,
                    0.9105449827799942,
                    2.5770226914744994
                ],
                [
                    0.0,
                    0.0,
                    0.0,
                    1.0
                ]
            ],
            "colmap_im_id": 27
        },
        {
            "file_path": "images/frame_00028.png",
            "transform_matrix": [
                [
                    0.1419997046312493,
                    -0.9364671813229822,
                    0.32072621063708917,
                    2.630943754232623
                ],
                [
                    0.964145466034686,
                    0.057466446176383655,
                    -0.2590774553847074,
                    -1.5506358745001945
                ],
                [
                    0.2241865388675159,
                    0.3460156439654792,
                    0.9110508053460896,
                    2.395347591736873
                ],
                [
                    0.0,
                    0.0,
                    0.0,
                    1.0
                ]
            ],
            "colmap_im_id": 28
        },
        {
            "file_path": "images/frame_00029.png",
            "transform_matrix": [
                [
                    0.1555939540571613,
                    -0.9371282500590942,
                    0.31237983994175683,
                    2.543424913291356
                ],
                [
                    0.9574904840373213,
                    0.06531597630620713,
                    -0.28097294570321724,
                    -1.6474145889011993
                ],
                [
                    0.24290429069663233,
                    0.3428184157543854,
                    0.9074541527707166,
                    2.2790192990383185
                ],
                [
                    0.0,
                    0.0,
                    0.0,
                    1.0
                ]
            ],
            "colmap_im_id": 29
        },
        {
            "file_path": "images/frame_00030.png",
            "transform_matrix": [
                [
                    0.17485811868850298,
                    -0.9371917662231345,
                    0.3018215228446758,
                    2.4712216162463942
                ],
                [
                    0.9471588747812698,
                    0.07638778959081394,
                    -0.31153646901207005,
                    -1.782901595955012
                ],
                [
                    0.2689139346553026,
                    0.34034761483664205,
                    0.9010265239287978,
                    2.1652944131962175
                ],
                [
                    0.0,
                    0.0,
                    0.0,
                    1.0
                ]
            ],
            "colmap_im_id": 30
        },
        {
            "file_path": "images/frame_00031.png",
            "transform_matrix": [
                [
                    0.20072021335219647,
                    -0.9355891190066962,
                    0.290489924692962,
                    2.379816015338012
                ],
                [
                    0.9293599767030654,
                    0.08806851741292877,
                    -0.35851634543374217,
                    -1.9857589603618993
                ],
                [
                    0.3098409747827528,
                    0.3419311869908368,
                    0.8871762134484393,
                    2.0274958811786403
                ],
                [
                    0.0,
                    0.0,
                    0.0,
                    1.0
                ]
            ],
            "colmap_im_id": 31
        },
        {
            "file_path": "images/frame_00032.png",
            "transform_matrix": [
                [
                    0.2281386783631607,
                    -0.9339793100235767,
                    0.2750188936829507,
                    2.2527451157746152
                ],
                [
                    0.9065204146308845,
                    0.10071100063761354,
                    -0.4099732091344747,
                    -2.2130214577325673
                ],
                [
                    0.35520906701850874,
                    0.3428409876290384,
                    0.8696473859613368,
                    1.935472994029981
                ],
                [
                    0.0,
                    0.0,
                    0.0,
                    1.0
                ]
            ],
            "colmap_im_id": 32
        },
        {
            "file_path": "images/frame_00033.png",
            "transform_matrix": [
                [
                    0.24859288690714432,
                    -0.9325482743660208,
                    0.26183065625729973,
                    2.1743505389503825
                ],
                [
                    0.8897403127181577,
                    0.11300941318278468,
                    -0.44225676756413534,
                    -2.4390164356490134
                ],
                [
                    0.382836456601728,
                    0.34290317658056063,
                    0.8578191295299926,
                    1.890115893877464
                ],
                [
                    0.0,
                    0.0,
                    0.0,
                    1.0
                ]
            ],
            "colmap_im_id": 33
        },
        {
            "file_path": "images/frame_00034.png",
            "transform_matrix": [
                [
                    0.26747724538481876,
                    -0.9319174656026367,
                    0.24491990630838464,
                    2.1137888882302116
                ],
                [
                    0.8709042655962365,
                    0.12505690348631038,
                    -0.47527521611871953,
                    -2.6025014411025023
                ],
                [
                    0.4122883497840187,
                    0.3404270967405123,
                    0.8450607720378436,
                    1.827589736949084
                ],
                [
                    0.0,
                    0.0,
                    0.0,
                    1.0
                ]
            ],
            "colmap_im_id": 34
        },
        {
            "file_path": "images/frame_00035.png",
            "transform_matrix": [
                [
                    0.2878897438199925,
                    -0.9317560563386214,
                    0.2212468008346312,
                    2.0564886105215807
                ],
                [
                    0.8472951598649625,
                    0.1401474260382649,
                    -0.5122983613523051,
                    -2.743007797467598
                ],
                [
                    0.44632993118618747,
                    0.33494678749190737,
                    0.8298194032897666,
                    1.7323887822452817
                ],
                [
                    0.0,
                    0.0,
                    0.0,
                    1.0
                ]
            ],
            "colmap_im_id": 35
        },
        {
            "file_path": "images/frame_00036.png",
            "transform_matrix": [
                [
                    0.30544701585974154,
                    -0.9324428606981837,
                    0.19300889107853605,
                    1.9901554379349105
                ],
                [
                    0.8221914669629181,
                    0.15602111541244215,
                    -0.5474108175756321,
                    -2.8866361205644413
                ],
                [
                    0.48031584624676216,
                    0.3258952639705659,
                    0.8143027476103785,
                    1.5639999202438817
                ],
                [
                    0.0,
                    0.0,
                    0.0,
                    1.0
                ]
            ],
            "colmap_im_id": 36
        },
        {
            "file_path": "images/frame_00037.png",
            "transform_matrix": [
                [
                    0.32263428671374506,
                    -0.9316693082708226,
                    0.16703118589916077,
                    1.8615247963577006
                ],
                [
                    0.7965596096704051,
                    0.171935370007379,
                    -0.5795955631146239,
                    -3.0778895897494514
                ],
                [
                    0.511272828613496,
                    0.3200476973305584,
                    0.7976023860012972,
                    1.3563462444769436
                ],
                [
                    0.0,
                    0.0,
                    0.0,
                    1.0
                ]
            ],
            "colmap_im_id": 37
        },
        {
            "file_path": "images/frame_00038.png",
            "transform_matrix": [
                [
                    0.340024688547685,
                    -0.929629362451767,
                    0.14202978436078456,
                    1.6841101926013569
                ],
                [
                    0.7687458335855537,
                    0.18777386553498202,
                    -0.6113679896485443,
                    -3.205850666134261
                ],
                [
                    0.5416761528098704,
                    0.31706501524067837,
                    0.7784964493095177,
                    1.1733729532060124
                ],
                [
                    0.0,
                    0.0,
                    0.0,
                    1.0
                ]
            ],
            "colmap_im_id": 38
        },
        {
            "file_path": "images/frame_00039.png",
            "transform_matrix": [
                [
                    0.3580948327638598,
                    -0.9262674249957455,
                    0.11745955959211733,
                    1.5688503129594744
                ],
                [
                    0.7364720804418821,
                    0.20288645031815888,
                    -0.6453262454037518,
                    -3.291259713896894
                ],
                [
                    0.5739137265107269,
                    0.31759368014657996,
                    0.7548226870288959,
                    1.0138523443674212
                ],
                [
                    0.0,
                    0.0,
                    0.0,
                    1.0
                ]
            ],
            "colmap_im_id": 39
        },
        {
            "file_path": "images/frame_00040.png",
            "transform_matrix": [
                [
                    0.3727729938569112,
                    -0.9228260678574429,
                    0.09712025295336436,
                    1.4891834349876245
                ],
                [
                    0.7035504018289916,
                    0.2128405248574299,
                    -0.6780234089356193,
                    -3.3615138248006464
                ],
                [
                    0.6050265507704762,
                    0.32107780904507244,
                    0.7285958505245527,
                    0.8982027558238497
                ],
                [
                    0.0,
                    0.0,
                    0.0,
                    1.0
                ]
            ],
            "colmap_im_id": 40
        },
        {
            "file_path": "images/frame_00041.png",
            "transform_matrix": [
                [
                    0.3901116404542604,
                    -0.9179242153655769,
                    0.07230520608902076,
                    1.403110004786767
                ],
                [
                    0.6530779923607922,
                    0.22048602633814574,
                    -0.7244826071643207,
                    -3.510408000022217
                ],
                [
                    0.6490778411531879,
                    0.32985003719130374,
                    0.6854902691423218,
                    0.7632364728885628
                ],
                [
                    0.0,
                    0.0,
                    0.0,
                    1.0
                ]
            ],
            "colmap_im_id": 41
        },
        {
            "file_path": "images/frame_00042.png",
            "transform_matrix": [
                [
                    0.4034382179170841,
                    -0.9131532568283194,
                    0.05821283250040789,
                    1.3120733499982964
                ],
                [
                    0.6147185489257992,
                    0.2233637694836954,
                    -0.75645867837483,
                    -3.6493841553371684
                ],
                [
                    0.6777600681144084,
                    0.3409688490549655,
                    0.6514457260921166,
                    0.6845572838392386
                ],
                [
                    0.0,
                    0.0,
                    0.0,
                    1.0
                ]
            ],
            "colmap_im_id": 42
        },
        {
            "file_path": "images/frame_00043.png",
            "transform_matrix": [
                [
                    0.4179028548901091,
                    -0.9074436318920925,
                    0.04362635457134511,
                    1.2310775547333634
                ],
                [
                    0.5715633343518413,
                    0.2252874387651342,
                    -0.7890253004557274,
                    -3.8301685878882776
                ],
                [
                    0.7061675146162573,
                    0.3546711503253885,
                    0.6128097718114195,
                    0.6119236942514003
                ],
                [
                    0.0,
                    0.0,
                    0.0,
                    1.0
                ]
            ],
            "colmap_im_id": 43
        },
        {
            "file_path": "images/frame_00044.png",
            "transform_matrix": [
                [
                    0.43382992178918967,
                    -0.9005902642317957,
                    0.026995831739179504,
                    1.14967991400138
                ],
                [
                    0.5217376789261181,
                    0.22667685321395864,
                    -0.8224399057717252,
                    -4.052535515497504
                ],
                [
                    0.7345620418652002,
                    0.3708837825895355,
                    0.5682110756249878,
                    0.5213762698015756
                ],
                [
                    0.0,
                    0.0,
                    0.0,
                    1.0
                ]
            ],
            "colmap_im_id": 44
        },
        {
            "file_path": "images/frame_00045.png",
            "transform_matrix": [
                [
                    0.4462393580827227,
                    -0.8948818567036912,
                    0.007543065721147304,
                    1.086070419348984
                ],
                [
                    0.47693449542314925,
                    0.23067788879100518,
                    -0.8481280556015055,
                    -4.204305884983018
                ],
                [
                    0.7572343906436008,
                    0.3820656673472227,
                    0.529737579808282,
                    0.44315135979367754
                ],
                [
                    0.0,
                    0.0,
                    0.0,
                    1.0
                ]
            ],
            "colmap_im_id": 45
        },
        {
            "file_path": "images/frame_00046.png",
            "transform_matrix": [
