{
    "w": 3840,
    "h": 2160,
    "fl_x": 1678.5416049472387,
    "fl_y": 1676.7461611306874,
    "cx": 1920.0,
    "cy": 1080.0,
    "k1": -0.0017500004438334407,
    "k2": 0.0007804394349254411,
    "p1": -0.00039337577116793805,
    "p2": -0.00035996374596320726,
    "camera_model": "OPENCV",
    "frames": [
        {
            "file_path": "images/frame_00001.png",
            "transform_matrix": [
                [
                    0.05718235793882094,
                    -0.9615297188252128,
                    0.2686834154845886,
                    3.7132482740660486
                ],
                [
                    0.9879369059873027,
                    0.015703685863204083,
                    -0.15405863831199287,
                    -0.6120613274634478
                ],
                [
                    0.14391263922530292,
                    0.27425169838346913,
                    0.9508286692170101,
                    2.3504543944058014
                ],
                [
                    0.0,
                    0.0,
                    0.0,
                    1.0
                ]
            ],
            "colmap_im_id": 1
        },
        {
            "file_path": "images/frame_00002.png",
            "transform_matrix": [
                [
                    0.06664169199559651,
                    -0.9623561667752119,
                    0.26349476874823274,
                    3.673550309828658
                ],
                [
                    0.9853775326466013,
                    0.021973706259666877,
                    -0.16896234606713326,
                    -0.6429660997250423
                ],
                [
                    0.15681199904108062,
                    0.27090176171987973,
                    0.949748510108758,
                    2.2829348374023417
                ],
                [
                    0.0,
                    0.0,
                    0.0,
                    1.0
                ]
            ],
            "colmap_im_id": 2
        },
        {
            "file_path": "images/frame_00003.png",
            "transform_matrix": [
                [
                    0.08883925304166587,
                    -0.9618679672789104,
                    0.25868436489617197,
                    3.640016220094126
                ],
                [
                    0.9779762692848509,
                    0.034989385421157856,
                    -0.20576238631862304,
                    -0.7204194412708324
                ],
                [
                    0.18886504132497225,
                    0.2712669468080965,
                    0.9437924770492344,
                    2.1843159075315555
                ],
                [
                    0.0,
                    0.0,
                    0.0,
                    1.0
                ]
            ],
            "colmap_im_id": 3
        },
        {
            "file_path": "images/frame_00004.png",
            "transform_matrix": [
                [
                    0.12043587775440029,
                    -0.9598284502982812,
                    0.2534256209374397,
                    3.617704756334879
                ],
                [
                    0.9652406458051612,
                    0.05357198311899128,
                    -0.25581348344122434,
                    -0.8498681705734081
                ],
                [
                    0.23196054629001497,
                    0.2754258314368829,
                    0.9329174220380599,
                    2.124720626917654
                ],
                [
                    0.0,
                    0.0,
                    0.0,
                    1.0
                ]
            ],
            "colmap_im_id": 4
        },
        {
            "file_path": "images/frame_00005.png",
            "transform_matrix": [
                [
                    0.171733631962278,
                    -0.955792359861423,
                    0.2386808004083628,
                    3.494384517180067
                ],
                [
                    0.9387029348600789,
                    0.08525161875929256,
                    -0.3340194030052661,
                    -1.2304521606952548
                ],
                [
                    0.29890526883633045,
                    0.2814127330620491,
                    0.9118456634389555,
                    2.1198387623721455
                ],
                [
                    0.0,
                    0.0,
                    0.0,
                    1.0
                ]
            ],
            "colmap_im_id": 5
        },
        {
            "file_path": "images/frame_00006.png",
            "transform_matrix": [
                [
                    0.20699457822260597,
                    -0.9522897894010933,
                    0.22427082197394027,
                    3.4050298491662923
                ],
                [
                    0.9162979868340824,
                    0.10836995559381264,
                    -0.38555667812709776,
                    -1.4913551086716035
                ],
                [
                    0.3428574687975353,
                    0.2853070446501741,
                    0.8950132101610181,
                    2.1705236705671447
                ],
                [
                    0.0,
                    0.0,
                    0.0,
                    1.0
                ]
            ],
            "colmap_im_id": 6
        },
        {
            "file_path": "images/frame_00007.png",
            "transform_matrix": [
                [
                    0.26407590842667195,
                    -0.9462893152663795,
                    0.18654877753905075,
                    3.311270099868286
                ],
                [
                    0.8712850745780341,
                    0.15109364093634245,
                    -0.4669400716217761,
                    -1.8226312587686904
                ],
                [
                    0.4136740666348058,
                    0.28584478914488876,
                    0.8643879471120224,
                    2.167579603702636
                ],
                [
                    0.0,
                    0.0,
                    0.0,
                    1.0
                ]
            ],
            "colmap_im_id": 7
        },
        {
            "file_path": "images/frame_00008.png",
            "transform_matrix": [
                [
                    0.31663347934645725,
                    -0.9384271317481567,
                    0.13819463866548642,
                    3.1474708283236246
                ],
                [
                    0.8158941685910043,
                    0.1951384498372307,
                    -0.544277218937479,
                    -2.0876706722569516
                ],
                [
                    0.48379742187836267,
                    0.2850885893788987,
                    0.8274445907671395,
                    1.9920512181282348
                ],
                [
                    0.0,
                    0.0,
                    0.0,
                    1.0
                ]
            ],
            "colmap_im_id": 8
        },
        {
            "file_path": "images/frame_00009.png",
            "transform_matrix": [
                [
                    0.35408484778565985,
                    -0.9304873711024841,
                    0.0938998018496003,
                    2.9587016785546996
                ],
                [
                    0.7695534791760329,
                    0.23283758793480547,
                    -0.5946209719920454,
                    -2.3172047916062763
                ],
                [
                    0.531423901661065,
                    0.28280719556526457,
                    0.798504055643953,
                    1.6952483780825391
                ],
                [
                    0.0,
                    0.0,
                    0.0,
                    1.0
                ]
            ],
            "colmap_im_id": 9
        },
        {
            "file_path": "images/frame_00010.png",
            "transform_matrix": [
                [
                    0.39878726230841416,
                    -0.9168410355426222,
                    0.01926745872428864,
                    2.61730437156556
                ],
                [
                    0.6940339039510907,
                    0.2880093064144629,
                    -0.6598239004348571,
                    -2.5137149955080327
                ],
                [
                    0.5994044207269147,
                    0.27650163645771086,
                    0.7511732060245757,
                    1.2672116499419877
                ],
                [
                    0.0,
                    0.0,
                    0.0,
                    1.0
                ]
            ],
            "colmap_im_id": 10
        },
        {
            "file_path": "images/frame_00011.png",
            "transform_matrix": [
                [
                    0.4224889651529273,
                    -0.9058720810791969,
                    -0.02998077792942429,
                    2.4586237333566845
                ],
                [
                    0.6439215998733142,
                    0.3232682891299037,
                    -0.6934425617595276,
                    -2.598047068015648
                ],
                [
                    0.6378620913180214,
                    0.27366655982101623,
                    0.7198878846703355,
                    1.0422672417144774
                ],
                [
                    0.0,
                    0.0,
                    0.0,
                    1.0
                ]
            ],
            "colmap_im_id": 11
        },
        {
            "file_path": "images/frame_00012.png",
            "transform_matrix": [
                [
                    0.4498791581118476,
                    -0.8887769952310305,
                    -0.08765954508595272,
                    2.2418579728969688
                ],
                [
                    0.5818803865951504,
                    0.3661580328017422,
                    -0.7261842126558775,
                    -2.743842748715594
                ],
                [
                    0.6775130690934703,
                    0.27568777224037194,
                    0.681888769114646,
                    0.8492503609204636
                ],
                [
                    0.0,
                    0.0,
                    0.0,
                    1.0
                ]
            ],
            "colmap_im_id": 12
        },
        {
            "file_path": "images/frame_00013.png",
            "transform_matrix": [
                [
                    0.4704480467265134,
                    -0.8684759264302272,
                    -0.15629523518766328,
                    2.060928068209473
                ],
                [
                    0.5107465342279501,
                    0.4124247928569717,
                    -0.7543498976012533,
                    -2.8474871347299118
                ],
                [
                    0.7195947561685992,
                    0.27505518618641356,
                    0.6375955077057959,
                    0.6271897137390026
                ],
                [
                    0.0,
                    0.0,
                    0.0,
                    1.0
                ]
            ],
            "colmap_im_id": 13
        },
        {
            "file_path": "images/frame_00014.png",
            "transform_matrix": [
                [
                    0.48833190230043677,
                    -0.8451359283203305,
                    -0.21743324460111854,
                    1.8122277837668044
                ],
                [
                    0.43729663533296426,
                    0.45261071700361183,
                    -0.7771198051651655,
                    -2.9573791342514815
                ],
                [
                    0.7551844846937105,
                    0.28440956649805144,
                    0.5905993502894203,
                    0.3420276510381319
                ],
                [
                    0.0,
                    0.0,
                    0.0,
                    1.0
                ]
            ],
            "colmap_im_id": 14
        },
        {
            "file_path": "images/frame_00015.png",
            "transform_matrix": [
                [
                    0.5052152942782124,
                    -0.8212697214080015,
                    -0.2650915900699279,
                    1.5400603789206544
                ],
                [
                    0.3666027069910395,
                    0.4823238401728885,
                    -0.7955917096273187,
                    -3.0542161807946075
                ],
                [
                    0.7812553754402085,
                    0.3047618051844776,
                    0.5447570838882937,
                    0.07108279211088679
                ],
                [
                    0.0,
                    0.0,
                    0.0,
                    1.0
                ]
            ],
            "colmap_im_id": 15
        },
        {
            "file_path": "images/frame_00016.png",
            "transform_matrix": [
                [
                    0.5170311623569558,
                    -0.7924931990391492,
                    -0.3234707198936416,
                    1.2975646896499475
                ],
                [
                    0.2921168376284686,
                    0.5185773355977752,
                    -0.8035827898718682,
                    -3.1450211653867557
                ],
                [
                    0.8045784799047,
                    0.32098610013676276,
                    0.49962124974147576,
                    -0.1472654515481252
                ],
                [
                    0.0,
                    0.0,
                    0.0,
                    1.0
                ]
            ],
            "colmap_im_id": 16
        },
        {
            "file_path": "images/frame_00017.png",
            "transform_matrix": [
                [
                    0.5273081491475563,
                    -0.7631053251932054,
                    -0.37365275123348224,
                    1.1096315074177063
                ],
                [
                    0.22271524243821478,
                    0.5485191372167499,
                    -0.8059309380416413,
                    -3.2046117541027517
                ],
                [
                    0.8199658752827864,
                    0.3417557882008206,
                    0.4591937985240764,
                    -0.30551298306359465
                ],
                [
                    0.0,
                    0.0,
                    0.0,
                    1.0
                ]
            ],
            "colmap_im_id": 17
        },
        {
            "file_path": "images/frame_00018.png",
            "transform_matrix": [
                [
                    0.5354546762448577,
                    -0.7379253494217942,
                    -0.4107973568174914,
                    0.9480285562837406
                ],
                [
                    0.16319478168824256,
                    0.5676364123577575,
                    -0.8069426042757566,
                    -3.2469714182604212
                ],
                [
                    0.8286469410534507,
                    0.3650412059567201,
                    0.4243691377049257,
                    -0.4854279114660391
                ],
                [
                    0.0,
                    0.0,
                    0.0,
                    1.0
                ]
            ],
            "colmap_im_id": 18
        },
        {
            "file_path": "images/frame_00019.png",
            "transform_matrix": [
                [
                    0.5419839725318503,
                    -0.7185889357929341,
                    -0.43575602677940434,
                    0.770583484590048
                ],
                [
                    0.11927693417730927,
                    0.5790433161793943,
                    -0.8065245507492205,
                    -3.2493803808968162
                ],
                [
                    0.8318812334052598,
                    0.3851477370359957,
                    0.3995432819660409,
                    -0.8068837615696655
                ],
                [
                    0.0,
                    0.0,
                    0.0,
                    1.0
                ]
            ],
            "colmap_im_id": 19
        },
        {
            "file_path": "images/frame_00020.png",
            "transform_matrix": [
                [
                    0.540627885420442,
                    -0.7007354445069981,
                    -0.4655011560859982,
                    0.43160895377774233
                ],
                [
                    0.08144777914317627,
                    0.5943356837159892,
                    -0.8000820922470968,
                    -3.170989948405035
                ],
                [
                    0.8373098284258137,
                    0.3946326543425255,
                    0.3783877896392896,
                    -1.1479185090444322
                ],
                [
                    0.0,
                    0.0,
                    0.0,
                    1.0
                ]
            ],
            "colmap_im_id": 20
        },
        {
            "file_path": "images/frame_00021.png",
            "transform_matrix": [
                [
                    0.5505685437137563,
                    -0.6965771001132275,
                    -0.4600593682023659,
                    0.2363182134835271
                ],
                [
                    0.0799241838557906,
                    0.5925612360892558,
                    -0.8015505637945486,
                    -3.1106929163053985
                ],
                [
                    0.8309551152185652,
                    0.40453865709252035,
                    0.38191893303406804,
                    -1.3628007119700751
                ],
                [
                    0.0,
                    0.0,
                    0.0,
                    1.0
                ]
            ],
            "colmap_im_id": 21
        },
        {
            "file_path": "images/frame_00022.png",
            "transform_matrix": [
                [
                    0.5589994103545016,
                    -0.6956987487344444,
                    -0.45113513522297033,
                    0.1824953895353475
                ],
                [
                    0.08370450355076,
                    0.5886496408891304,
                    -0.8040430065403333,
                    -3.076885309469895
                ],
                [
                    0.8249322489202613,
                    0.41169752402756343,
                    0.3872879205461148,
                    -1.4899052413244729
                ],
                [
                    0.0,
                    0.0,
                    0.0,
                    1.0
                ]
            ],
            "colmap_im_id": 22
        },
        {
            "file_path": "images/frame_00023.png",
            "transform_matrix": [
                [
                    0.5613502083044636,
                    -0.6918886521190755,
                    -0.45406611490551035,
                    0.17211453465911067
                ],
                [
                    0.07939274220457146,
                    0.5911606241136246,
                    -0.8026368475112688,
                    -3.069373862141642
                ],
                [
                    0.8237613344420661,
                    0.41451080753876446,
                    0.38677907687953816,
                    -1.5416855534671565
                ],
                [
                    0.0,
                    0.0,
                    0.0,
                    1.0
                ]
            ],
            "colmap_im_id": 23
        },
        {
            "file_path": "images/frame_00024.png",
            "transform_matrix": [
                [
                    0.5554830250509051,
                    -0.6780869115575286,
                    -0.48128655627875994,
                    0.15125025337307021
                ],
                [
                    0.05438166387229845,
                    0.6071835132372728,
                    -0.7926984394379255,
                    -3.0556566532286302
                ],
                [
                    0.8297476987101414,
                    0.4141573633623031,
                    0.3741556291946031,
                    -1.626268584919769
                ],
                [
                    0.0,
                    0.0,
                    0.0,
                    1.0
                ]
            ],
            "colmap_im_id": 24
        },
        {
            "file_path": "images/frame_00025.png",
            "transform_matrix": [
                [
                    0.5581794723715624,
                    -0.6633348119569473,
                    -0.4984201078097126,
                    0.06369949743582475
                ],
                [
                    0.03351386493185189,
                    0.6182430922071867,
                    -0.7852721183102231,
                    -3.099969089396232
                ],
                [
                    0.8290431216048617,
                    0.421618792494046,
                    0.3673215162980913,
                    -1.7249298865482883
                ],
                [
                    0.0,
                    0.0,
                    0.0,
                    1.0
                ]
            ],
            "colmap_im_id": 25
        },
        {
            "file_path": "images/frame_00026.png",
            "transform_matrix": [
                [
                    0.5416056611247879,
                    -0.6542429283180999,
                    -0.5278536715637572,
                    -0.014492120747373919
                ],
                [
                    -0.022189181259821875,
                    0.6165791862592086,
                    -0.7869801441630851,
                    -3.2009179957333105
                ],
                [
                    0.8403397813221744,
                    0.43794554206851966,
                    0.3194256628852956,
                    -1.796134381106461
                ],
                [
                    0.0,
                    0.0,
                    0.0,
                    1.0
                ]
            ],
            "colmap_im_id": 26
        },
        {
            "file_path": "images/frame_00027.png",
            "transform_matrix": [
                [
                    0.5263521484707678,
                    -0.6496903027210131,
                    -0.5485033512664123,
                    -0.09824590914375488
                ],
                [
                    -0.07290712620875485,
                    0.6082338232313313,
                    -0.7904025349310172,
                    -3.3111246747661
                ],
                [
                    0.8471351525867565,
                    0.4560198754743874,
                    0.2727781267333155,
                    -1.8475089560298692
                ],
                [
                    0.0,
                    0.0,
                    0.0,
                    1.0
                ]
            ],
            "colmap_im_id": 27
        },
        {
            "file_path": "images/frame_00028.png",
            "transform_matrix": [
                [
                    0.5106649705290697,
                    -0.6409248549916801,
                    -0.5730938999225503,
                    -0.19471179078726247
                ],
                [
                    -0.12811621360475303,
                    0.6023924333104796,
                    -0.7878512499843227,
                    -3.4150177713271823
                ],
                [
                    0.8501808770409536,
                    0.4757506558525937,
                    0.22550784857672146,
                    -1.9340032539829783
                ],
                [
                    0.0,
                    0.0,
                    0.0,
                    1.0
                ]
            ],
            "colmap_im_id": 28
        },
        {
            "file_path": "images/frame_00029.png",
            "transform_matrix": [
                [
                    0.4878158020425942,
                    -0.6293566495534533,
                    -0.6049346666710317,
                    -0.2658566936488267
                ],
                [
                    -0.1970819784720269,
                    0.5956877494339744,
                    -0.7786621853768407,
                    -3.516318554583499
                ],
                [
                    0.8504083942665968,
                    0.49906543943368603,
                    0.16655104359856163,
                    -2.052322737311219
                ],
                [
                    0.0,
                    0.0,
                    0.0,
                    1.0
                ]
            ],
            "colmap_im_id": 29
        },
        {
            "file_path": "images/frame_00030.png",
            "transform_matrix": [
                [
                    0.46082866530674105,
                    -0.6155166703007368,
                    -0.6393560587133756,
                    -0.3160709427414069
                ],
                [
                    -0.26805545611072984,
                    0.5902304453992653,
                    -0.7614291127695693,
                    -3.5150953967208673
                ],
                [
                    0.8460397234650843,
                    0.5222712416988691,
                    0.10700250657552499,
                    -2.1707089102448034
                ],
                [
                    0.0,
                    0.0,
                    0.0,
                    1.0
                ]
            ],
            "colmap_im_id": 30
        },
        {
            "file_path": "images/frame_00031.png",
            "transform_matrix": [
                [
                    0.42589032545071365,
                    -0.5905127763416129,
                    -0.6855013432990527,
                    -0.3894347007650264
                ],
                [
                    -0.35595493104614834,
                    0.587195879322763,
                    -0.726978050817422,
                    -3.414601342758092
                ],
                [
                    0.8318133911830324,
                    0.5536205020442139,
                    0.0398851095635413,
                    -2.3838127487047047
                ],
                [
                    0.0,
                    0.0,
                    0.0,
                    1.0
                ]
            ],
            "colmap_im_id": 31
        },
        {
            "file_path": "images/frame_00032.png",
            "transform_matrix": [
                [
                    0.40147676313505787,
                    -0.5613920836507542,
                    -0.7236403368226935,
                    -0.5557951833416747
                ],
                [
                    -0.4328076248369206,
                    0.5800301981621071,
                    -0.6901032742300603,
                    -3.219234727050662
                ],
                [
                    0.8071517630195824,
                    0.5902574841832091,
                    -0.010106127848423727,
                    -2.669163604058967
                ],
                [
                    0.0,
                    0.0,
                    0.0,
                    1.0
                ]
            ],
            "colmap_im_id": 32
        },
        {
            "file_path": "images/frame_00033.png",
            "transform_matrix": [
                [
                    0.37199472082110213,
                    -0.528990894523172,
                    -0.7627506546656018,
                    -0.7986484899646966
                ],
                [
                    -0.5120045715129021,
                    0.5684763296681239,
                    -0.643961164478843,
                    -2.9037302006071095
                ],
                [
                    0.7742552850521065,
                    0.6300819757131864,
                    -0.059375562736264785,
                    -2.9501123121969632
                ],
                [
                    0.0,
                    0.0,
                    0.0,
                    1.0
                ]
            ],
            "colmap_im_id": 33
        },
        {
            "file_path": "images/frame_00034.png",
            "transform_matrix": [
                [
                    0.34018628135069723,
                    -0.5034108527707092,
                    -0.7942611707073758,
                    -0.9811009144641426
                ],
                [
                    -0.5790475753170248,
                    0.5533673732318611,
                    -0.5987390548159892,
                    -2.6329560333555984
                ],
                [
                    0.7409299558664489,
                    0.6635978176238504,
                    -0.10325084476460457,
                    -3.142524693193567
                ],
                [
                    0.0,
                    0.0,
                    0.0,
                    1.0
                ]
            ],
            "colmap_im_id": 34
        },
        {
            "file_path": "images/frame_00035.png",
            "transform_matrix": [
                [
                    0.296924224828438,
                    -0.47530199225101266,
                    -0.8282053011616443,
                    -1.0712068056377246
                ],
                [
                    -0.648093050319755,
                    0.5366642542440654,
                    -0.5403395935371544,
                    -2.417363106543031
                ],
                [
                    0.7012926656092071,
                    0.6971940148759737,
                    -0.14869130029646455,
                    -3.3059173267159885
                ],
                [
                    0.0,
                    0.0,
                    0.0,
                    1.0
                ]
            ],
            "colmap_im_id": 35
        },
        {
            "file_path": "images/frame_00036.png",
            "transform_matrix": [
                [
                    0.2438512168329613,
                    -0.447826628048538,
                    -0.8602254909381379,
                    -1.1140909777500985
                ],
                [
                    -0.714091796644494,
                    0.5172645094755631,
                    -0.4717100096479225,
                    -2.193460346323633
                ],
                [
                    0.6562084196458638,
                    0.7293070261883408,
                    -0.19365374134830501,
                    -3.514958480716152
                ],
                [
                    0.0,
                    0.0,
                    0.0,
                    1.0
                ]
            ],
            "colmap_im_id": 36
        },
        {
            "file_path": "images/frame_00037.png",
            "transform_matrix": [
                [
                    0.18200733084184914,
                    -0.42391138075413326,
                    -0.8872274075945525,
                    -1.2226392109836004
                ],
                [
                    -0.7791157385413323,
                    0.48828976138950037,
                    -0.39313073509887236,
                    -1.8790532770382111
                ],
                [
                    0.5998766518852193,
                    0.7628055126893808,
                    -0.24140371234442637,
                    -3.732178200978928
                ],
                [
                    0.0,
                    0.0,
                    0.0,
                    1.0
                ]
            ],
            "colmap_im_id": 37
        },
        {
            "file_path": "images/frame_00038.png",
            "transform_matrix": [
                [
                    0.12350709389238021,
                    -0.4055734854303383,
                    -0.9056799355589953,
                    -1.343333556187305
                ],
                [
                    -0.8310133394872321,
                    0.45654937929380307,
                    -0.3177727078600695,
                    -1.5727634920125968
                ],
                [
                    0.542367797119756,
                    0.7918792914215715,
                    -0.2806498894799938,
                    -3.8765430787100303
                ],
                [
                    0.0,
                    0.0,
                    0.0,
                    1.0
                ]
            ],
            "colmap_im_id": 38
        },
        {
            "file_path": "images/frame_00039.png",
            "transform_matrix": [
                [
                    0.05929418848909629,
                    -0.3873977313518229,
                    -0.9200039113802073,
                    -1.451519661879555
                ],
                [
                    -0.8805481857416373,
                    0.4138446376167852,
                    -0.23101408723916073,
                    -1.3232514532669513
                ],
                [
                    0.4702330186179299,
                    0.8238055678734472,
                    -0.3165837875542223,
                    -4.037013806144761
                ],
                [
                    0.0,
                    0.0,
                    0.0,
                    1.0
                ]
            ],
            "colmap_im_id": 39
        },
        {
            "file_path": "images/frame_00040.png",
            "transform_matrix": [
                [
                    -0.00721355817857017,
                    -0.3732047352225938,
                    -0.9277209656927228,
                    -1.488939311284087
                ],
                [
                    -0.9186128003297225,
                    0.36902830142486576,
                    -0.1413104235994751,
                    -1.0912953412802056
                ],
                [
                    0.39509301138945635,
                    0.8511970032577133,
                    -0.3454926540410062,
                    -4.197383799521976
                ],
                [
                    0.0,
                    0.0,
                    0.0,
                    1.0
                ]
            ],
            "colmap_im_id": 40
        },
        {
            "file_path": "images/frame_00041.png",
            "transform_matrix": [
                [
                    -0.05703145101115153,
                    -0.3629430628125173,
                    -0.9300643777458801,
                    -1.4805964406395158
                ],
                [
                    -0.9418503134879712,
                    0.3285621457833893,
                    -0.07046207022806218,
                    -0.8382564585860094
                ],
                [
                    0.3311576672495629,
                    0.8719628716375964,
                    -0.3605764134096179,
                    -4.340925707252181
                ],
                [
                    0.0,
                    0.0,
                    0.0,
                    1.0
                ]
            ],
            "colmap_im_id": 41
        },
        {
            "file_path": "images/frame_00042.png",
            "transform_matrix": [
                [
                    -0.12061631763736923,
                    -0.35133274426656635,
                    -0.9284487097980827,
                    -1.5241001219799395
                ],
                [
                    -0.9592758562456039,
                    0.2819001776586959,
                    0.017947742483632605,
                    -0.46046122126319333
                ],
                [
                    0.25542422661890224,
                    0.8928032216799616,
                    -0.3710267804539401,
                    -4.397162153478114
                ],
                [
                    0.0,
                    0.0,
                    0.0,
                    1.0
                ]
            ],
            "colmap_im_id": 42
        },
        {
            "file_path": "images/frame_00043.png",
            "transform_matrix": [
                [
                    -0.17704799534275756,
                    -0.3422600994529909,
                    -0.9227740956851465,
                    -1.5377037588621876
                ],
                [
                    -0.9675891463708509,
                    0.23207102806092242,
                    0.09957048639066927,
                    -0.08327878639649569
                ],
                [
                    0.18007012847898682,
                    0.9104949545478961,
                    -0.372254867761841,
                    -4.4252893855566535
                ],
                [
                    0.0,
                    0.0,
                    0.0,
                    1.0
                ]
            ],
            "colmap_im_id": 43
        },
        {
            "file_path": "images/frame_00044.png",
            "transform_matrix": [
                [
                    -0.2106712445060471,
                    -0.3412298948069191,
                    -0.916067566082509,
                    -1.5326454236719098
                ],
                [
                    -0.969053967302936,
                    0.19622818128696623,
                    0.14976284360030545,
                    0.11348325916210689
                ],
                [
                    0.12865471306063123,
                    0.9192696338718408,
                    -0.37200981848389175,
                    -4.430278512068691
                ],
                [
                    0.0,
                    0.0,
                    0.0,
                    1.0
                ]
            ],
            "colmap_im_id": 44
        },
        {
            "file_path": "images/frame_00045.png",
            "transform_matrix": [
                [
                    -0.25551396028771717,
                    -0.34421304911259754,
                    -0.9034544775021568,
                    -1.535864718988048
                ],
                [
                    -0.9644899758579397,
                    0.1553876570728104,
                    0.21357378701276244,
                    0.27927874555525534
                ],
                [
                    0.06687079009281284,
                    0.9259438713280793,
                    -0.3716937510671003,
                    -4.419489117008794
                ],
                [
                    0.0,
                    0.0,
                    0.0,
                    1.0
                ]
            ],
            "colmap_im_id": 45
