{
    "w": 3840,
    "h": 2160,
    "fl_x": 1687.5011721315739,
    "fl_y": 1688.2821913572782,
    "cx": 1920.0,
    "cy": 1080.0,
    "k1": -0.002797004924868305,
    "k2": 0.000734907406003879,
    "p1": -0.0009787478395317305,
    "p2": -0.000409945691493873,
    "camera_model": "OPENCV",
    "frames": [
        {
            "file_path": "images/frame_00001.png",
            "transform_matrix": [
                [
                    0.021707783705949824,
                    -0.9983138536911244,
                    0.0538351340200071,
                    1.3736475965844381
                ],
                [
                    0.9412400739230324,
                    0.0022542581896688066,
                    -0.33773072344899063,
                    -1.140593036067135
                ],
                [
                    0.3370399017444967,
                    0.0580031710201325,
                    0.9397019403958201,
                    3.2811151796151843
                ],
                [
                    0.0,
                    0.0,
                    0.0,
                    1.0
                ]
            ],
            "colmap_im_id": 1
        },
        {
            "file_path": "images/frame_00002.png",
            "transform_matrix": [
                [
                    0.024687759307721144,
                    -0.997895026342251,
                    0.05996691539309026,
                    1.3789669967229259
                ],
                [
                    0.9381903977528188,
                    0.002411674307452841,
                    -0.34611119801509255,
                    -1.1330992312082622
                ],
                [
                    0.34523802239146817,
                    0.06480509415495658,
                    0.9362750705144272,
                    3.310061866345469
                ],
                [
                    0.0,
                    0.0,
                    0.0,
                    1.0
                ]
            ],
            "colmap_im_id": 2
        },
        {
            "file_path": "images/frame_00003.png",
            "transform_matrix": [
                [
                    0.02642564269917206,
                    -0.997081838738331,
                    0.07162047379153719,
                    1.3820896917568954
                ],
                [
                    0.9388547745879257,
                    0.00015039374388327038,
                    -0.3443133596234354,
                    -1.1344782005130356
                ],
                [
                    0.34329782644431506,
                    0.07633992559539451,
                    0.9361190192057303,
                    3.35771555225345
                ],
                [
                    0.0,
                    0.0,
                    0.0,
                    1.0
                ]
            ],
            "colmap_im_id": 3
        },
        {
            "file_path": "images/frame_00004.png",
            "transform_matrix": [
                [
                    0.028395324296700723,
                    -0.9961348905393214,
                    0.08312030683472893,
                    1.393455448142788
                ],
                [
                    0.9377983628793228,
                    -0.0022366989924675995,
                    -0.3471731956221264,
                    -1.133694235688925
                ],
                [
                    0.34601724832578407,
                    0.08780818314844797,
                    0.9341101577615037,
                    3.421535732706868
                ],
                [
                    0.0,
                    0.0,
                    0.0,
                    1.0
                ]
            ],
            "colmap_im_id": 4
        },
        {
            "file_path": "images/frame_00005.png",
            "transform_matrix": [
                [
                    0.031173406540165805,
                    -0.9944865119054054,
                    0.10012390505219738,
                    1.4042262434369701
                ],
                [
                    0.931600506296687,
                    -0.007385465948903649,
                    -0.36340879400542025,
                    -1.1197354742641985
                ],
                [
                    0.3621446056376347,
                    0.10460417071483084,
                    0.9262339078637883,
                    3.44787495450127
                ],
                [
                    0.0,
                    0.0,
                    0.0,
                    1.0
                ]
            ],
            "colmap_im_id": 5
        },
        {
            "file_path": "images/frame_00006.png",
            "transform_matrix": [
                [
                    0.035539873568529695,
                    -0.9934867420225294,
                    0.108263617213693,
                    1.4050990078212935
                ],
                [
                    0.9265243943175294,
                    -0.007846215215590355,
                    -0.3761528727011474,
                    -1.1584995582809225
                ],
                [
                    0.3745523516429551,
                    0.1136773079037798,
                    0.9202108484181664,
                    3.3857427689699646
                ],
                [
                    0.0,
                    0.0,
                    0.0,
                    1.0
                ]
            ],
            "colmap_im_id": 6
        },
        {
            "file_path": "images/frame_00007.png",
            "transform_matrix": [
                [
                    0.042123529971867704,
                    -0.9935259102028515,
                    0.10550769629891836,
                    1.392142800971447
                ],
                [
                    0.92060250623797,
                    -0.0024368068206956513,
                    -0.39049338980434345,
                    -1.2350168414392793
                ],
                [
                    0.3882224024075343,
                    0.11357960964941831,
                    0.914539796039958,
                    3.2459230338461293
                ],
                [
                    0.0,
                    0.0,
                    0.0,
                    1.0
                ]
            ],
            "colmap_im_id": 7
        },
        {
            "file_path": "images/frame_00008.png",
            "transform_matrix": [
                [
                    0.05156575530290073,
                    -0.9949022824497324,
                    0.08666268664398857,
                    1.366087691959627
                ],
                [
                    0.9060819975960787,
                    0.010117697639464577,
                    -0.4229811412188204,
                    -1.3076507096104206
                ],
                [
                    0.41994807597170947,
                    0.10033484225725957,
                    0.9019847742156573,
                    3.0247787499750447
                ],
                [
                    0.0,
                    0.0,
                    0.0,
                    1.0
                ]
            ],
            "colmap_im_id": 8
        },
        {
            "file_path": "images/frame_00009.png",
            "transform_matrix": [
                [
                    0.05798170759702591,
                    -0.9958943306356416,
                    0.06951693169236117,
                    1.333706558142644
                ],
                [
                    0.9020692684492695,
                    0.022433275585629065,
                    -0.43100786891412896,
                    -1.365364456143087
                ],
                [
                    0.4276788006244088,
                    0.0876996599439624,
                    0.8996663899147177,
                    2.8860199084294984
                ],
                [
                    0.0,
                    0.0,
                    0.0,
                    1.0
                ]
            ],
            "colmap_im_id": 9
        },
        {
            "file_path": "images/frame_00010.png",
            "transform_matrix": [
                [
                    0.06847137512283342,
                    -0.9957808210091559,
                    0.061091957728656006,
                    1.3027207292445149
                ],
                [
                    0.8974467227921167,
                    0.03473054136798346,
                    -0.43975353238601333,
                    -1.4432715735873336
                ],
                [
                    0.43577637675587455,
                    0.08493730633013064,
                    0.8960382823601365,
                    2.785846250422716
                ],
                [
                    0.0,
                    0.0,
                    0.0,
                    1.0
                ]
            ],
            "colmap_im_id": 10
        },
        {
            "file_path": "images/frame_00011.png",
            "transform_matrix": [
                [
                    0.08178773703593042,
                    -0.9952319718060822,
                    0.05314215243588859,
                    1.2937828043645123
                ],
                [
                    0.8773686264146647,
                    0.046602242656200256,
                    -0.4775484523717535,
                    -1.5578189788586683
                ],
                [
                    0.47279494440379305,
                    0.08568286453189083,
                    0.8769968000351105,
                    2.7312999383544625
                ],
                [
                    0.0,
                    0.0,
                    0.0,
                    1.0
                ]
            ],
            "colmap_im_id": 11
        },
        {
            "file_path": "images/frame_00012.png",
            "transform_matrix": [
                [
                    0.09657093505926272,
                    -0.9945419840166113,
                    0.03950058898399237,
                    1.2715503870260345
                ],
                [
                    0.8465557771716862,
                    0.061199980833029986,
                    -0.5287701565739874,
                    -1.7555591593329354
                ],
                [
                    0.5234666853191537,
                    0.08450328025786571,
                    0.8478454015837076,
                    2.6897016876896007
                ],
                [
                    0.0,
                    0.0,
                    0.0,
                    1.0
                ]
            ],
            "colmap_im_id": 12
        },
        {
            "file_path": "images/frame_00013.png",
            "transform_matrix": [
                [
                    0.11218281482966518,
                    -0.9933225402823496,
                    0.026932267337027263,
                    1.1973444334188021
                ],
                [
                    0.8266055880642625,
                    0.07824362647344064,
                    -0.5573160115205907,
                    -2.049483904600569
                ],
                [
                    0.5514872780380592,
                    0.08478364160204933,
                    0.8298635528078503,
                    2.673436553636136
                ],
                [
                    0.0,
                    0.0,
                    0.0,
                    1.0
                ]
            ],
            "colmap_im_id": 13
        },
        {
            "file_path": "images/frame_00014.png",
            "transform_matrix": [
                [
                    0.1276811578865454,
                    -0.9917658939494584,
                    0.009896136588718683,
                    1.1291371070030918
                ],
                [
                    0.8077730672531438,
                    0.09819373127111818,
                    -0.5812578282995451,
                    -2.3298660408088505
                ],
                [
                    0.5754999511218043,
                    0.08220950515413011,
                    0.8136592674585067,
                    2.665867490524874
                ],
                [
                    0.0,
                    0.0,
                    0.0,
                    1.0
                ]
            ],
            "colmap_im_id": 14
        },
        {
            "file_path": "images/frame_00015.png",
            "transform_matrix": [
                [
                    0.1395969613922519,
                    -0.9899097798716564,
                    -0.02431699168275225,
                    1.113674775597316
                ],
                [
                    0.7739890392967552,
                    0.1243991544524064,
                    -0.6208589352018802,
                    -2.4820102250203995
                ],
                [
                    0.6176193450812046,
                    0.06784893577629089,
                    0.7835450634746469,
                    2.612182905423033
                ],
                [
                    0.0,
                    0.0,
                    0.0,
                    1.0
                ]
            ],
            "colmap_im_id": 15
        },
        {
            "file_path": "images/frame_00016.png",
            "transform_matrix": [
                [
                    0.15040300756275826,
                    -0.987436408183129,
                    -0.04845900443135506,
                    1.1008523446278757
                ],
                [
                    0.7393269431328432,
                    0.14488266509781003,
                    -0.6575748508816326,
                    -2.6235172711031205
                ],
                [
                    0.6563342185761173,
                    0.06307418765673517,
                    0.7518291297745255,
                    2.458575987991214
                ],
                [
                    0.0,
                    0.0,
                    0.0,
                    1.0
                ]
            ],
            "colmap_im_id": 16
        },
        {
            "file_path": "images/frame_00017.png",
            "transform_matrix": [
                [
                    0.16112657323849391,
                    -0.98426205597527,
                    -0.07257019060023859,
                    1.043507023095426
                ],
                [
                    0.7089980803863539,
                    0.16658904242390635,
                    -0.6852516420649796,
                    -2.809111770612122
                ],
                [
                    0.6865565886399208,
                    0.058960123063140135,
                    0.7246818298284389,
                    2.171027788143257
                ],
                [
                    0.0,
                    0.0,
                    0.0,
                    1.0
                ]
            ],
            "colmap_im_id": 17
        },
        {
            "file_path": "images/frame_00018.png",
            "transform_matrix": [
                [
                    0.1688779143006877,
                    -0.9804977994183031,
                    -0.10052022382244717,
                    0.9475328887389192
                ],
                [
                    0.6713937436649922,
                    0.18910114447351198,
                    -0.7165690463076917,
                    -2.9430732507323447
                ],
                [
                    0.7216028624035221,
                    0.053524036606680106,
                    0.6902350950773007,
                    1.9154316489500312
                ],
                [
                    0.0,
                    0.0,
                    0.0,
                    1.0
                ]
            ],
            "colmap_im_id": 18
        },
        {
            "file_path": "images/frame_00019.png",
            "transform_matrix": [
                [
                    0.17373885496345337,
                    -0.9781817636655683,
                    -0.11390894393376669,
                    0.9008774500416779
                ],
                [
                    0.6428088513953972,
                    0.20027283758771158,
                    -0.7393832369565164,
                    -2.9992330613075584
                ],
                [
                    0.7460640661791171,
                    0.05523791955426962,
                    0.6635790694405587,
                    1.7642824345240429
                ],
                [
                    0.0,
                    0.0,
                    0.0,
                    1.0
                ]
            ],
            "colmap_im_id": 19
        },
        {
            "file_path": "images/frame_00020.png",
            "transform_matrix": [
                [
                    0.1755701156881043,
                    -0.9748805592780198,
                    -0.13705119342435973,
                    0.8490968646771971
                ],
                [
                    0.5756527833510011,
                    0.21459581774534234,
                    -0.7890326406597216,
                    -3.069045361847085
                ],
                [
                    0.7986231949408374,
                    0.059636651046008626,
                    0.5988693199309058,
                    1.5907797996545474
                ],
                [
                    0.0,
                    0.0,
                    0.0,
                    1.0
                ]
            ],
            "colmap_im_id": 20
        },
        {
            "file_path": "images/frame_00021.png",
            "transform_matrix": [
                [
                    0.18006178925546978,
                    -0.97277507333008,
                    -0.14589862493449476,
                    0.8067271272895873
                ],
                [
                    0.5339450464844977,
                    0.22122866023640037,
                    -0.8160640705389955,
                    -3.166848117623473
                ],
                [
                    0.8261237433852064,
                    0.06904010861568036,
                    0.559243260144947,
                    1.4195199796383167
                ],
                [
                    0.0,
                    0.0,
                    0.0,
                    1.0
                ]
            ],
            "colmap_im_id": 21
        },
        {
            "file_path": "images/frame_00022.png",
            "transform_matrix": [
                [
                    0.18693973909005973,
                    -0.9727700032920377,
                    -0.1370111478827525,
                    0.6823810662234338
                ],
                [
                    0.4908613148869699,
                    0.21330617490368933,
                    -0.8447222296680678,
                    -3.319307503172842
                ],
                [
                    0.8509457700090972,
                    0.0906586810138211,
                    0.5173705635813259,
                    1.2403892414617692
                ],
                [
                    0.0,
                    0.0,
                    0.0,
                    1.0
                ]
            ],
            "colmap_im_id": 22
        },
        {
            "file_path": "images/frame_00023.png",
            "transform_matrix": [
                [
                    0.1910055199644008,
                    -0.9659530234073354,
                    -0.1745040054364275,
                    0.5495410502356336
                ],
                [
                    0.40531527425938035,
                    0.23952693340995768,
                    -0.882239410037471,
                    -3.515006551935473
                ],
                [
                    0.8940002347847411,
                    0.09778345842446735,
                    0.4372664810654691,
                    1.032267956858948
                ],
                [
                    0.0,
                    0.0,
                    0.0,
                    1.0
                ]
            ],
            "colmap_im_id": 23
        },
        {
            "file_path": "images/frame_00024.png",
            "transform_matrix": [
                [
                    0.20261385778855232,
                    -0.9605365262356605,
                    -0.19057073857014567,
                    0.4755505393893008
                ],
                [
                    0.3526985487293272,
                    0.25312651278972403,
                    -0.9008499887590274,
                    -3.5995083924136937
                ],
                [
                    0.9135378253560532,
                    0.11531066858727419,
                    0.39006677806971607,
                    0.8379238189645904
                ],
                [
                    0.0,
                    0.0,
                    0.0,
                    1.0
                ]
            ],
            "colmap_im_id": 24
        },
        {
            "file_path": "images/frame_00025.png",
            "transform_matrix": [
                [
                    0.21203024325794192,
                    -0.9547237528587745,
                    -0.20867614063719703,
                    0.45035198347361644
                ],
                [
                    0.3057269115574438,
                    0.26761483494068056,
                    -0.9137359332264542,
                    -3.5785024832625845
                ],
                [
                    0.9282102302245568,
                    0.12994174020279065,
                    0.3486271829039519,
                    0.6184353510991063
                ],
                [
                    0.0,
                    0.0,
                    0.0,
                    1.0
                ]
            ],
            "colmap_im_id": 25
        },
        {
            "file_path": "images/frame_00026.png",
            "transform_matrix": [
                [
                    0.2192959200105693,
                    -0.9450814739465228,
                    -0.24234336605276793,
                    0.39687971895897234
                ],
                [
                    0.2537197000009549,
                    0.29508438454214025,
                    -0.9211685621159742,
                    -3.484270848396497
                ],
                [
                    0.9420910854573155,
                    0.14052122118190608,
                    0.30449658963509324,
                    0.34573759008942784
                ],
                [
                    0.0,
                    0.0,
                    0.0,
                    1.0
                ]
            ],
            "colmap_im_id": 26
        },
        {
            "file_path": "images/frame_00027.png",
            "transform_matrix": [
                [
                    0.21963383791821597,
                    -0.9391201234391716,
                    -0.26422409237787137,
                    0.3643494896916389
                ],
                [
                    0.20826304636275106,
                    0.3097281530607253,
                    -0.9277364791368822,
                    -3.390280320235408
                ],
                [
                    0.9530936369323959,
                    0.14873420908851795,
                    0.2636108007760525,
                    0.1660786121788905
                ],
                [
                    0.0,
                    0.0,
                    0.0,
                    1.0
                ]
            ],
            "colmap_im_id": 27
        },
        {
            "file_path": "images/frame_00028.png",
            "transform_matrix": [
                [
                    0.21582085731910317,
                    -0.9325934269882651,
                    -0.2892937218197633,
                    0.3370829473802162
                ],
                [
                    0.1477228624102838,
                    0.32405104087231673,
                    -0.934435058648208,
                    -3.269739028787368
                ],
                [
                    0.9651939253162337,
                    0.158935278801943,
                    0.20770234395593376,
                    0.02408826660158244
                ],
                [
                    0.0,
                    0.0,
                    0.0,
                    1.0
                ]
            ],
            "colmap_im_id": 28
        },
        {
            "file_path": "images/frame_00029.png",
            "transform_matrix": [
                [
                    0.21303958724238664,
                    -0.9285444917581724,
                    -0.3040053635927347,
                    0.3164309128810491
                ],
                [
                    0.09361724907575739,
                    0.32911613985046617,
                    -0.9396373647133323,
                    -3.193762032284269
                ],
                [
                    0.9725481710142078,
                    0.1717198104922251,
                    0.15704254755139832,
                    -0.08015401724086703
                ],
                [
                    0.0,
                    0.0,
                    0.0,
                    1.0
                ]
            ],
            "colmap_im_id": 29
        },
        {
            "file_path": "images/frame_00030.png",
            "transform_matrix": [
                [
                    0.21203565526342347,
                    -0.9231187057129554,
                    -0.32076897614926625,
                    0.27346136714891306
                ],
                [
                    0.017828031361911936,
                    0.3318315495480948,
                    -0.943170177657388,
                    -3.230033613231308
                ],
                [
                    0.9770993000687132,
                    0.19426702727778636,
                    0.08681750928172557,
                    -0.2712320316328319
                ],
                [
                    0.0,
                    0.0,
                    0.0,
                    1.0
                ]
            ],
            "colmap_im_id": 30
        },
        {
            "file_path": "images/frame_00031.png",
            "transform_matrix": [
                [
                    0.20200791059989592,
                    -0.923395639581599,
                    -0.3263943885190956,
                    0.17832085408122347
                ],
                [
                    -0.05680213463554073,
                    0.32165778304704656,
                    -0.9451506695263485,
                    -3.2262542260420477
                ],
                [
                    0.9777353023983077,
                    0.2094678099540571,
                    0.012526573240143318,
                    -0.46539664517358675
                ],
                [
                    0.0,
                    0.0,
                    0.0,
                    1.0
                ]
            ],
            "colmap_im_id": 31
        },
        {
            "file_path": "images/frame_00032.png",
            "transform_matrix": [
                [
                    0.20581217760585951,
                    -0.9204027390141617,
                    -0.3324156217213076,
                    0.06190176562458754
                ],
                [
                    -0.1066362012529458,
                    0.3165714294566855,
                    -0.9425557016081817,
                    -3.2370911536641076
                ],
                [
                    0.9727641379756322,
                    0.22943698060029513,
                    -0.03299399644699642,
                    -0.6609333780360205
                ],
                [
                    0.0,
                    0.0,
                    0.0,
                    1.0
                ]
            ],
            "colmap_im_id": 32
        },
        {
            "file_path": "images/frame_00033.png",
            "transform_matrix": [
                [
                    0.20921041855656158,
                    -0.9176634238064636,
                    -0.3378236838576999,
                    -0.040423316666468916
                ],
                [
                    -0.15698895782654151,
                    0.30946858924311726,
                    -0.9378612154217761,
                    -3.2359237944340222
                ],
                [
                    0.9651867528555936,
                    0.2492449254842987,
                    -0.07931897145325144,
                    -0.8226597629562034
                ],
                [
                    0.0,
                    0.0,
                    0.0,
                    1.0
                ]
            ],
            "colmap_im_id": 33
        },
        {
            "file_path": "images/frame_00034.png",
            "transform_matrix": [
                [
                    0.20977948320964443,
                    -0.914100432806061,
                    -0.34700571633341504,
                    -0.06498464155855461
                ],
                [
                    -0.1958763439162634,
                    0.3084178293874586,
                    -0.930865672591876,
                    -3.2062320554636186
                ],
                [
                    0.957927464017131,
                    0.2632467307673552,
                    -0.11435091788878383,
                    -0.9462062099946981
                ],
                [
                    0.0,
                    0.0,
                    0.0,
                    1.0
                ]
            ],
            "colmap_im_id": 34
        },
        {
            "file_path": "images/frame_00035.png",
            "transform_matrix": [
                [
                    0.20385688969221172,
                    -0.9041240026016013,
                    -0.3755025385329335,
                    -0.0922845936073711
                ],
                [
                    -0.24537416465441617,
                    0.3241278961284874,
                    -0.9136370320162528,
                    -3.071071437770052
                ],
                [
                    0.9477520181171679,
                    0.2783898253725884,
                    -0.1557729671151413,
                    -1.2305409360908048
                ],
                [
                    0.0,
                    0.0,
                    0.0,
                    1.0
                ]
            ],
            "colmap_im_id": 35
        },
        {
            "file_path": "images/frame_00036.png",
            "transform_matrix": [
                [
                    0.19777272951732164,
                    -0.8958193295054765,
                    -0.3979870303711251,
                    -0.1565521519513068
                ],
                [
                    -0.2825011644745889,
                    0.33669282759897723,
                    -0.8982377368569561,
                    -2.9256212006043127
                ],
                [
                    0.9386581057710891,
                    0.2900787284992884,
                    -0.18648134422098778,
                    -1.4620612013212975
                ],
                [
                    0.0,
                    0.0,
                    0.0,
                    1.0
                ]
            ],
            "colmap_im_id": 36
        },
        {
            "file_path": "images/frame_00037.png",
            "transform_matrix": [
                [
                    0.1917658629826432,
                    -0.8910319079933685,
                    -0.4114462209477919,
                    -0.16146436888269222
                ],
                [
                    -0.31343907649930924,
                    0.34167054299229843,
                    -0.8860119555483479,
                    -2.812672660678863
                ],
                [
                    0.9300439769805415,
                    0.29887017079167505,
                    -0.2137634718401925,
                    -1.576465226320946
                ],
                [
                    0.0,
                    0.0,
                    0.0,
                    1.0
                ]
            ],
            "colmap_im_id": 37
        },
        {
            "file_path": "images/frame_00038.png",
            "transform_matrix": [
                [
                    0.19354026489793277,
                    -0.8885103656932641,
                    -0.4160426611765433,
                    -0.15636165531864837
                ],
                [
                    -0.3265327638823263,
                    0.34154770146943814,
                    -0.8813180593476521,
                    -2.7371594745969916
                ],
                [
                    0.9251586458411367,
                    0.3064220907124118,
                    -0.2240245128302429,
                    -1.6666931017126485
                ],
                [
                    0.0,
                    0.0,
                    0.0,
                    1.0
                ]
            ],
            "colmap_im_id": 38
        },
        {
            "file_path": "images/frame_00039.png",
            "transform_matrix": [
                [
                    0.18717378159805892,
                    -0.8833641813518074,
                    -0.4296902356197233,
                    -0.1943502458713432
                ],
                [
                    -0.35694733530176664,
                    0.3463597124346786,
                    -0.8675387884257021,
                    -2.676784796587291
                ],
                [
                    0.9151800780738457,
                    0.31575730032228544,
                    -0.25048503346493917,
                    -1.7863972035080298
                ],
                [
                    0.0,
                    0.0,
                    0.0,
                    1.0
                ]
            ],
            "colmap_im_id": 39
        },
        {
            "file_path": "images/frame_00040.png",
            "transform_matrix": [
                [
                    0.17183290812649846,
                    -0.8826866661541258,
                    -0.4374216513599951,
                    -0.2433275529830219
                ],
                [
                    -0.40931410321549055,
                    0.3399128409156569,
                    -0.8467120085894289,
                    -2.6285667529307113
                ],
                [
                    0.8960666362462605,
                    0.3245358377350059,
                    -0.3028878892130699,
                    -1.9636080792990012
                ],
                [
                    0.0,
                    0.0,
                    0.0,
                    1.0
                ]
            ],
            "colmap_im_id": 40
        },
        {
            "file_path": "images/frame_00041.png",
            "transform_matrix": [
                [
                    0.15912315295640875,
                    -0.8850530998826358,
                    -0.43744809129924034,
                    -0.3680622319329221
                ],
                [
                    -0.4586849198085305,
                    0.32609169857697123,
                    -0.8266028964741335,
                    -2.6028763917470967
                ],
                [
                    0.8742356470274205,
                    0.332182501807851,
                    -0.3540717709154795,
                    -2.199771740839584
                ],
                [
                    0.0,
                    0.0,
                    0.0,
                    1.0
                ]
            ],
            "colmap_im_id": 41
        },
        {
            "file_path": "images/frame_00042.png",
            "transform_matrix": [
                [
                    0.15081002953109593,
                    -0.8870854063702028,
                    -0.43627493258018135,
                    -0.489686353362292
                ],
                [
                    -0.4963582670723369,
                    0.31371073745331407,
                    -0.8094529287830418,
                    -2.6055055386438686
                ],
                [
                    0.8549180110991792,
                    0.33862228959640217,
                    -0.39300144947151755,
                    -2.453383478580258
                ],
                [
                    0.0,
                    0.0,
                    0.0,
                    1.0
                ]
            ],
            "colmap_im_id": 42
        },
        {
            "file_path": "images/frame_00043.png",
            "transform_matrix": [
                [
                    0.13671705889478405,
                    -0.8879491286929752,
                    -0.43915235472503905,
                    -0.5806691108352725
                ],
                [
                    -0.542608272616365,
                    0.3037693944654932,
                    -0.7831349931361463,
                    -2.5900393408037914
                ],
                [
                    0.8287850796771408,
                    0.3453556135919235,
                    -0.44027808469772983,
                    -2.6891424097773595
                ],
                [
                    0.0,
                    0.0,
                    0.0,
                    1.0
                ]
            ],
            "colmap_im_id": 43
        },
        {
            "file_path": "images/frame_00044.png",
            "transform_matrix": [
                [
                    0.12318592827083243,
                    -0.8880788537718556,
                    -0.442878286394039,
                    -0.6157585229985993
                ],
                [
                    -0.5832921904899957,
                    0.2962565180701826,
                    -0.7563083339579924,
                    -2.56038019371054
                ],
                [
                    0.8028670173755026,
                    0.35149398996881676,
                    -0.4815148257596701,
                    -2.8395736920314545
                ],
                [
                    0.0,
                    0.0,
                    0.0,
                    1.0
                ]
            ],
            "colmap_im_id": 44
        },
        {
            "file_path": "images/frame_00045.png",
            "transform_matrix": [
                [
                    0.10766203747472798,
                    -0.8845403003026442,
                    -0.45386930148149296,
                    -0.633782398038031
                ],
                [
                    -0.6410095081444869,
                    0.28720022598025613,
                    -0.7117744310280137,
                    -2.4867525173887466
                ],
                [
                    0.7599445349202485,
                    0.3675656231714249,
                    -0.5360781813387379,
                    -3.0972184357468606
                ],
                [
                    0.0,
                    0.0,
                    0.0,
                    1.0
                ]
