{
    "w": 3840,
    "h": 2160,
    "fl_x": 1685.5898639773034,
    "fl_y": 1684.7569722580158,
    "cx": 1920.0,
    "cy": 1080.0,
    "k1": -0.001981276783066204,
    "k2": 0.0004834314428764103,
    "p1": -0.0008121683707000686,
    "p2": -0.0004249368629801277,
    "camera_model": "OPENCV",
    "frames": [
        {
            "file_path": "images/frame_00001.png",
            "transform_matrix": [
                [
                    0.12344620838481171,
                    -0.9347613335098565,
                    0.3331400351358094,
                    2.759277249129098
                ],
                [
                    0.9450771954788018,
                    0.008361431765729678,
                    -0.3267402348116161,
                    -0.7841752255189491
                ],
                [
                    0.3026386099316091,
                    0.35517789322211724,
                    0.8844538065636676,
                    2.869010903283951
                ],
                [
                    0.0,
                    0.0,
                    0.0,
                    1.0
                ]
            ],
            "colmap_im_id": 1
        },
        {
            "file_path": "images/frame_00002.png",
            "transform_matrix": [
                [
                    0.11825676645789537,
                    -0.9370924758679956,
                    0.3284402972512856,
                    2.7396893210449322
                ],
                [
                    0.9474787825708643,
                    0.007505535442539053,
                    -0.3197305482992731,
                    -0.814090178111663
                ],
                [
                    0.2971519708246199,
                    0.34900051376654284,
                    0.8887628185436952,
                    2.8279463454801466
                ],
                [
                    0.0,
                    0.0,
                    0.0,
                    1.0
                ]
            ],
            "colmap_im_id": 2
        },
        {
            "file_path": "images/frame_00003.png",
            "transform_matrix": [
                [
                    0.11410814879035193,
                    -0.9395991162947257,
                    0.3226961899958063,
                    2.721980363913543
                ],
                [
                    0.9494078471388584,
                    0.007473937103636417,
                    -0.3139568124047144,
                    -0.8374036673693289
                ],
                [
                    0.29258173246256675,
                    0.34219532568745215,
                    0.892915611302021,
                    2.7804769436814336
                ],
                [
                    0.0,
                    0.0,
                    0.0,
                    1.0
                ]
            ],
            "colmap_im_id": 3
        },
        {
            "file_path": "images/frame_00004.png",
            "transform_matrix": [
                [
                    0.10977979544158689,
                    -0.9432410988258353,
                    0.3134399878742887,
                    2.6970480427712906
                ],
                [
                    0.9506562941430063,
                    0.007578500061854215,
                    -0.31015347288576034,
                    -0.8820504430095788
                ],
                [
                    0.2901740976019206,
                    0.33202228211769674,
                    0.8975300536796902,
                    2.7019210394159416
                ],
                [
                    0.0,
                    0.0,
                    0.0,
                    1.0
                ]
            ],
            "colmap_im_id": 4
        },
        {
            "file_path": "images/frame_00005.png",
            "transform_matrix": [
                [
                    0.0991404562626208,
                    -0.9468317988597598,
                    0.3060730543514585,
                    2.6733708175484714
                ],
                [
                    0.9578183656736723,
                    0.007425173654837517,
                    -0.2872783409420397,
                    -0.9678399294335452
                ],
                [
                    0.26973162274797263,
                    0.32164329849102563,
                    0.9076290212556882,
                    2.6322077532635832
                ],
                [
                    0.0,
                    0.0,
                    0.0,
                    1.0
                ]
            ],
            "colmap_im_id": 5
        },
        {
            "file_path": "images/frame_00006.png",
            "transform_matrix": [
                [
                    0.10176152631033437,
                    -0.9474536195565038,
                    0.3032758324566453,
                    2.5980250386244035
                ],
                [
                    0.9510360666175736,
                    0.0032165016447619783,
                    -0.3090631878916409,
                    -1.1005683081564996
                ],
                [
                    0.2918475488256935,
                    0.3198769965259291,
                    0.9013898797623509,
                    2.5293827860385276
                ],
                [
                    0.0,
                    0.0,
                    0.0,
                    1.0
                ]
            ],
            "colmap_im_id": 6
        },
        {
            "file_path": "images/frame_00007.png",
            "transform_matrix": [
                [
                    0.10846750850291127,
                    -0.9467487484773184,
                    0.30315277807699925,
                    2.566692019667959
                ],
                [
                    0.9403987314419185,
                    -0.001152400938539169,
                    -0.3400719010363944,
                    -1.2601329264570493
                ],
                [
                    0.3223120002444855,
                    0.32197123975396985,
                    0.8901963240036944,
                    2.4516566680755645
                ],
                [
                    0.0,
                    0.0,
                    0.0,
                    1.0
                ]
            ],
            "colmap_im_id": 7
        },
        {
            "file_path": "images/frame_00008.png",
            "transform_matrix": [
                [
                    0.1131351032150869,
                    -0.9436651804217512,
                    0.3109605693333088,
                    2.5184778597151163
                ],
                [
                    0.9333476357432193,
                    -0.00637378583245898,
                    -0.35891721288718487,
                    -1.4866075621302761
                ],
                [
                    0.3406796725269274,
                    0.3308404481222722,
                    0.8800465661618136,
                    2.475698087671356
                ],
                [
                    0.0,
                    0.0,
                    0.0,
                    1.0
                ]
            ],
            "colmap_im_id": 8
        },
        {
            "file_path": "images/frame_00009.png",
            "transform_matrix": [
                [
                    0.13171687571330104,
                    -0.9497680691845866,
                    0.2838860324315189,
                    2.466425649168393
                ],
                [
                    0.9110998820031455,
                    0.00315541418868878,
                    -0.4121735658374424,
                    -1.8999076964237331
                ],
                [
                    0.3905735137796487,
                    0.31293874499441643,
                    0.8657491970629475,
                    2.4792383587507203
                ],
                [
                    0.0,
                    0.0,
                    0.0,
                    1.0
                ]
            ],
            "colmap_im_id": 9
        },
        {
            "file_path": "images/frame_00010.png",
            "transform_matrix": [
                [
                    0.15066623698852313,
                    -0.949162183723119,
                    0.2763889180514988,
                    2.4103619392539306
                ],
                [
                    0.8928108413244461,
                    0.010595174919085156,
                    -0.4503071661454753,
                    -2.1234638135820525
                ],
                [
                    0.42448614423235637,
                    0.31460910867041636,
                    0.8490186229384801,
                    2.4228946633669017
                ],
                [
                    0.0,
                    0.0,
                    0.0,
                    1.0
                ]
            ],
            "colmap_im_id": 10
        },
        {
            "file_path": "images/frame_00011.png",
            "transform_matrix": [
                [
                    0.1743272163414463,
                    -0.9489202955273941,
                    0.26298344886864183,
                    2.3641457016632264
                ],
                [
                    0.8690543798419356,
                    0.02269370488103602,
                    -0.4941957918035332,
                    -2.2721114000676645
                ],
                [
                    0.4629843480293812,
                    0.3146986947779978,
                    0.8286194693493711,
                    2.273476118762842
                ],
                [
                    0.0,
                    0.0,
                    0.0,
                    1.0
                ]
            ],
            "colmap_im_id": 11
        },
        {
            "file_path": "images/frame_00012.png",
            "transform_matrix": [
                [
                    0.20555963188607718,
                    -0.9479560177060908,
                    0.2431555597424615,
                    2.231286194547004
                ],
                [
                    0.8363313291412325,
                    0.04112830448911552,
                    -0.5466794037337697,
                    -2.4519010014596
                ],
                [
                    0.5082274546260953,
                    0.3157338294587071,
                    0.8012596353864461,
                    1.9762725818386606
                ],
                [
                    0.0,
                    0.0,
                    0.0,
                    1.0
                ]
            ],
            "colmap_im_id": 12
        },
        {
            "file_path": "images/frame_00013.png",
            "transform_matrix": [
                [
                    0.23926929235137312,
                    -0.9451386442775487,
                    0.222403122349643,
                    2.022496225487186
                ],
                [
                    0.796520850043554,
                    0.06007696323515406,
                    -0.6016188942630842,
                    -2.597151137574285
                ],
                [
                    0.5552519618907863,
                    0.32109765116182193,
                    0.7671972088288602,
                    1.7016663636574387
                ],
                [
                    0.0,
                    0.0,
                    0.0,
                    1.0
                ]
            ],
            "colmap_im_id": 13
        },
        {
            "file_path": "images/frame_00014.png",
            "transform_matrix": [
                [
                    0.2745913763895948,
                    -0.9392542083487591,
                    0.20591529353502142,
                    1.880806064668029
                ],
                [
                    0.7501698521846764,
                    0.07528860193276468,
                    -0.6569450656578756,
                    -2.7310918711536463
                ],
                [
                    0.6015353430062849,
                    0.33486289510508005,
                    0.7252737914719898,
                    1.5236297927347007
                ],
                [
                    0.0,
                    0.0,
                    0.0,
                    1.0
                ]
            ],
            "colmap_im_id": 14
        },
        {
            "file_path": "images/frame_00015.png",
            "transform_matrix": [
                [
                    0.31639030362816556,
                    -0.9309762845051821,
                    0.18215469650547952,
                    1.8056638659059026
                ],
                [
                    0.679745457590799,
                    0.08855348184444599,
                    -0.7280826833113809,
                    -2.914770217305771
                ],
                [
                    0.6616972787119139,
                    0.3541771287677276,
                    0.6608443635252523,
                    1.3971249237945251
                ],
                [
                    0.0,
                    0.0,
                    0.0,
                    1.0
                ]
            ],
            "colmap_im_id": 15
        },
        {
            "file_path": "images/frame_00016.png",
            "transform_matrix": [
                [
                    0.3628631866202471,
                    -0.9191619979362359,
                    0.15320420798942463,
                    1.6675365919877927
                ],
                [
                    0.5867882941643996,
                    0.09766936395672857,
                    -0.8038284600435107,
                    -3.1206769746067042
                ],
                [
                    0.7238852157817796,
                    0.38157819237235663,
                    0.5747941174702564,
                    1.2729897150474014
                ],
                [
                    0.0,
                    0.0,
                    0.0,
                    1.0
                ]
            ],
            "colmap_im_id": 16
        },
        {
            "file_path": "images/frame_00017.png",
            "transform_matrix": [
                [
                    0.40213006835577614,
                    -0.9069275899263541,
                    0.12559360952912182,
                    1.5643776396319964
                ],
                [
                    0.5090282457626386,
                    0.10743556625013348,
                    -0.8540186438950405,
                    -3.3117043508217967
                ],
                [
                    0.7610398499027428,
                    0.40735727038422664,
                    0.5048548317339574,
                    1.2096925496389699
                ],
                [
                    0.0,
                    0.0,
                    0.0,
                    1.0
                ]
            ],
            "colmap_im_id": 17
        },
        {
            "file_path": "images/frame_00018.png",
            "transform_matrix": [
                [
                    0.4421505699717792,
                    -0.8932380242455119,
                    0.08141686259986267,
                    1.4590157550458747
                ],
                [
                    0.4066658348651925,
                    0.11873411179333641,
                    -0.9058284105999566,
                    -3.4090195612610943
                ],
                [
                    0.7994534209239627,
                    0.4336220044446796,
                    0.4157477420676528,
                    1.1236123662143847
                ],
                [
                    0.0,
                    0.0,
                    0.0,
                    1.0
                ]
            ],
            "colmap_im_id": 18
        },
        {
            "file_path": "images/frame_00019.png",
            "transform_matrix": [
                [
                    0.46855421048362916,
                    -0.8820815895788352,
                    0.04887761414122431,
                    1.3757161790237613
                ],
                [
                    0.33718192264792995,
                    0.1274214514172017,
                    -0.932776567436264,
                    -3.4236143300401403
                ],
                [
                    0.8165569807903846,
                    0.4535370360233099,
                    0.35712582387399894,
                    0.9992494467624808
                ],
                [
                    0.0,
                    0.0,
                    0.0,
                    1.0
                ]
            ],
            "colmap_im_id": 19
        },
        {
            "file_path": "images/frame_00020.png",
            "transform_matrix": [
                [
                    0.4885440006854206,
                    -0.8724181181311308,
                    0.014539138585901987,
                    1.2630568848332078
                ],
                [
                    0.27484745449236436,
                    0.13805389563549375,
                    -0.9515250909245282,
                    -3.3754739272348515
                ],
                [
                    0.828120544457962,
                    0.4688579199036745,
                    0.3072273015053318,
                    0.7475647695589089
                ],
                [
                    0.0,
                    0.0,
                    0.0,
                    1.0
                ]
            ],
            "colmap_im_id": 20
        },
        {
            "file_path": "images/frame_00021.png",
            "transform_matrix": [
                [
                    0.49933870698679533,
                    -0.8662250114329135,
                    -0.017750641475855797,
                    1.10402669028677
                ],
                [
                    0.23722310387913925,
                    0.15639550566685165,
                    -0.9587834191271543,
                    -3.329247931546613
                ],
                [
                    0.8332982987446346,
                    0.4745468105205836,
                    0.28358291544809033,
                    0.5231611296293149
                ],
                [
                    0.0,
                    0.0,
                    0.0,
                    1.0
                ]
            ],
            "colmap_im_id": 21
        },
        {
            "file_path": "images/frame_00022.png",
            "transform_matrix": [
                [
                    0.5068509534202168,
                    -0.860531462949617,
                    -0.05086956153545022,
                    0.9395495746748395
                ],
                [
                    0.20028485142149727,
                    0.17495274028923813,
                    -0.9639904133114369,
                    -3.289151689154459
                ],
                [
                    0.8384438498242356,
                    0.47841105750084645,
                    0.2610263794194677,
                    0.297373560084921
                ],
                [
                    0.0,
                    0.0,
                    0.0,
                    1.0
                ]
            ],
            "colmap_im_id": 22
        },
        {
            "file_path": "images/frame_00023.png",
            "transform_matrix": [
                [
                    0.5122194063718284,
                    -0.8545995627040398,
                    -0.08538657483560023,
                    0.8155625182149184
                ],
                [
                    0.1638497251725229,
                    0.1948286848538194,
                    -0.9670548335637538,
                    -3.304939159772412
                ],
                [
                    0.8430803919538044,
                    0.4813536859567971,
                    0.2398209367816426,
                    0.10766106382950132
                ],
                [
                    0.0,
                    0.0,
                    0.0,
                    1.0
                ]
            ],
            "colmap_im_id": 23
        },
        {
            "file_path": "images/frame_00024.png",
            "transform_matrix": [
                [
                    0.5169959065898982,
                    -0.845882649307359,
                    -0.131140291939788,
                    0.6470437772859553
                ],
                [
                    0.10975318680222987,
                    0.21744461090310815,
                    -0.969882507923486,
                    -3.3542297496717377
                ],
                [
                    0.8489225350737511,
                    0.48703222151102016,
                    0.20525629016913577,
                    -0.11953497816384688
                ],
                [
                    0.0,
                    0.0,
                    0.0,
                    1.0
                ]
            ],
            "colmap_im_id": 24
        },
        {
            "file_path": "images/frame_00025.png",
            "transform_matrix": [
                [
                    0.5203435062087326,
                    -0.8412374556405317,
                    -0.14684065776836822,
                    0.5145165426855017
                ],
                [
                    0.08634061938128178,
                    0.22289855327129682,
                    -0.9710105727510999,
                    -3.395122060307213
                ],
                [
                    0.8495810337991656,
                    0.4925807326489814,
                    0.1886167777047776,
                    -0.25520049709642506
                ],
                [
                    0.0,
                    0.0,
                    0.0,
                    1.0
                ]
            ],
            "colmap_im_id": 25
        },
        {
            "file_path": "images/frame_00026.png",
            "transform_matrix": [
                [
                    0.5231958644696552,
                    -0.8349241693132402,
                    -0.17078559335741983,
                    0.394153144577286
                ],
                [
                    0.05354127941620043,
                    0.23221029235827564,
                    -0.9711908728573185,
                    -3.45381414753263
                ],
                [
                    0.8505289053291054,
                    0.4989789691154126,
                    0.16619437288967862,
                    -0.44540381883509483
                ],
                [
                    0.0,
                    0.0,
                    0.0,
                    1.0
                ]
            ],
            "colmap_im_id": 26
        },
        {
            "file_path": "images/frame_00027.png",
            "transform_matrix": [
                [
                    0.5223777424611614,
                    -0.8319112169636111,
                    -0.18720368925665914,
                    0.2995752295054657
                ],
                [
                    0.025571551864216422,
                    0.234722982746338,
                    -0.971725896076624,
                    -3.4425308414526445
                ],
                [
                    0.8523306810836015,
                    0.5028208910345567,
                    0.1438873226617906,
                    -0.648409923023612
                ],
                [
                    0.0,
                    0.0,
                    0.0,
                    1.0
                ]
            ],
            "colmap_im_id": 27
        },
        {
            "file_path": "images/frame_00028.png",
            "transform_matrix": [
                [
                    0.514476709723679,
                    -0.831427492098943,
                    -0.20986195589948944,
                    0.14333577115529936
                ],
                [
                    -0.02535157408593977,
                    0.2298811188185023,
                    -0.9728884668358022,
                    -3.2741692214746236
                ],
                [
                    0.8571295192928905,
                    0.5058487882686047,
                    0.0971904859743078,
                    -0.8680069593352348
                ],
                [
                    0.0,
                    0.0,
                    0.0,
                    1.0
                ]
            ],
            "colmap_im_id": 28
        },
        {
            "file_path": "images/frame_00029.png",
            "transform_matrix": [
                [
                    0.5111308551452761,
                    -0.8316162860758,
                    -0.21716261568684506,
                    0.04294546885560314
                ],
                [
                    -0.0439201272167375,
                    0.2270595372750551,
                    -0.9728900189423794,
                    -3.135466867647156
                ],
                [
                    0.8583800273443714,
                    0.506811917052008,
                    0.07953244237632978,
                    -0.9927025817806604
                ],
                [
                    0.0,
                    0.0,
                    0.0,
                    1.0
                ]
            ],
            "colmap_im_id": 29
        },
        {
            "file_path": "images/frame_00030.png",
            "transform_matrix": [
                [
                    0.507221823699203,
                    -0.8335911897259916,
                    -0.21875042851263293,
                    -0.06585619548888717
                ],
                [
                    -0.06669018434860993,
                    0.21509891803778874,
                    -0.9743125139145656,
                    -3.0258349518088004
                ],
                [
                    0.8592313081323347,
                    0.5087810765645461,
                    0.05351051536864916,
                    -1.1354531335925915
                ],
                [
                    0.0,
                    0.0,
                    0.0,
                    1.0
                ]
            ],
            "colmap_im_id": 30
        },
        {
            "file_path": "images/frame_00031.png",
            "transform_matrix": [
                [
                    0.5009140718498493,
                    -0.8329646396076656,
                    -0.23506382492011774,
                    -0.11155443908645186
                ],
                [
                    -0.09773290734573105,
                    0.21541924173647847,
                    -0.9716186644519705,
                    -2.9909769654900775
                ],
                [
                    0.8599612615952852,
                    0.5096709325172,
                    0.026498473587980183,
                    -1.2034034371247817
                ],
                [
                    0.0,
                    0.0,
                    0.0,
                    1.0
                ]
            ],
            "colmap_im_id": 31
        },
        {
            "file_path": "images/frame_00032.png",
            "transform_matrix": [
                [
                    0.48740710324125486,
                    -0.8307631777445155,
                    -0.26882495831637976,
                    -0.17777940660009783
                ],
                [
                    -0.1670128799338273,
                    0.21348801157823932,
                    -0.9625640585688717,
                    -2.933280571133601
                ],
                [
                    0.8570536818929008,
                    0.514057789957709,
                    -0.03469257755800446,
                    -1.3322171055393033
                ],
                [
                    0.0,
                    0.0,
                    0.0,
                    1.0
                ]
            ],
            "colmap_im_id": 32
        },
        {
            "file_path": "images/frame_00033.png",
            "transform_matrix": [
                [
                    0.4758751201761883,
                    -0.8255249829875105,
                    -0.30339969093716707,
                    -0.3272248036416905
                ],
                [
                    -0.23893339476226313,
                    0.21064658695651287,
                    -0.9479128906555456,
                    -2.8274548104762034
                ],
                [
                    0.8464358823116362,
                    0.5235804788827049,
                    -0.09700401676363085,
                    -1.4963431997366925
                ],
                [
                    0.0,
                    0.0,
                    0.0,
                    1.0
                ]
            ],
            "colmap_im_id": 33
        },
        {
            "file_path": "images/frame_00034.png",
            "transform_matrix": [
                [
                    0.47314849007013443,
                    -0.8188356898624076,
                    -0.3250209521737124,
                    -0.48756801562414825
                ],
                [
                    -0.2783414860892407,
                    0.21108933939884952,
                    -0.9369990970720251,
                    -2.8161110038848522
                ],
                [
                    0.8358567601365589,
                    0.5338065228148792,
                    -0.12803934057274338,
                    -1.6547801997799472
                ],
                [
                    0.0,
                    0.0,
                    0.0,
                    1.0
                ]
            ],
            "colmap_im_id": 34
        },
        {
            "file_path": "images/frame_00035.png",
            "transform_matrix": [
                [
                    0.4680513764996904,
                    -0.8028482400204566,
                    -0.3692730865535696,
                    -0.7168863539644045
                ],
                [
                    -0.34650480597262573,
                    0.21767338090210328,
                    -0.9124432687485403,
                    -2.837164618239145
                ],
                [
                    0.8129343936595489,
                    0.5550252271227885,
                    -0.1763084480751816,
                    -1.9099218453451872
                ],
                [
                    0.0,
                    0.0,
                    0.0,
                    1.0
                ]
            ],
            "colmap_im_id": 35
        },
        {
            "file_path": "images/frame_00036.png",
            "transform_matrix": [
                [
                    0.45871930346244183,
                    -0.7809270569247657,
                    -0.42394519975317074,
                    -0.8590279849677637
                ],
                [
                    -0.41150921879502267,
                    0.2361583215660237,
                    -0.8802780299438514,
                    -2.7826997301840195
                ],
                [
                    0.7875511180092643,
                    0.5782578827114614,
                    -0.21302830235538078,
                    -2.0629615023410053
                ],
                [
                    0.0,
                    0.0,
                    0.0,
                    1.0
                ]
            ],
            "colmap_im_id": 36
        },
        {
            "file_path": "images/frame_00037.png",
            "transform_matrix": [
                [
                    0.46067160712564253,
                    -0.7642042176987314,
                    -0.45141287535885344,
                    -0.9677793481279331
                ],
                [
                    -0.45904946347931985,
                    0.2301461236639381,
                    -0.8580829516088824,
                    -2.700702924715585
                ],
                [
                    0.7596415341907167,
                    0.6025152906059176,
                    -0.24478575146123266,
                    -2.2889071163222856
                ],
                [
                    0.0,
                    0.0,
                    0.0,
                    1.0
                ]
            ],
            "colmap_im_id": 37
        },
        {
            "file_path": "images/frame_00038.png",
            "transform_matrix": [
                [
                    0.43651609867840807,
                    -0.7423582237820547,
                    -0.5082892514875119,
                    -1.1489162502409813
                ],
                [
                    -0.5529550408495206,
                    0.224292450366556,
                    -0.8024547460808439,
                    -2.4559803254832206
                ],
                [
                    0.7097143216771716,
                    0.6313455189448318,
                    -0.3125834565593542,
                    -2.549949265441159
                ],
                [
                    0.0,
                    0.0,
                    0.0,
                    1.0
                ]
            ],
            "colmap_im_id": 38
        },
        {
            "file_path": "images/frame_00039.png",
            "transform_matrix": [
                [
                    0.40454255393251687,
                    -0.7220318080778747,
                    -0.5612623185120768,
                    -1.2642602658508555
                ],
                [
                    -0.6304082589713812,
                    0.22443968588017882,
                    -0.7431098535362577,
                    -2.2614019190769086
                ],
                [
                    0.6625184896124999,
                    0.6544439590414154,
                    -0.36437941132255197,
                    -2.6747997181291363
                ],
                [
                    0.0,
                    0.0,
                    0.0,
                    1.0
                ]
            ],
            "colmap_im_id": 39
        },
        {
            "file_path": "images/frame_00040.png",
            "transform_matrix": [
                [
                    0.38403372541635156,
                    -0.7113704899556186,
                    -0.5886171283297331,
                    -1.2860214489341597
                ],
                [
                    -0.6872887030281867,
                    0.20546204373874155,
                    -0.6967205948388004,
                    -2.1222006933808575
                ],
                [
                    0.6165649490789035,
                    0.672114108320159,
                    -0.4100125473254765,
                    -2.7438585211954836
                ],
                [
                    0.0,
                    0.0,
                    0.0,
                    1.0
                ]
            ],
            "colmap_im_id": 40
        },
        {
            "file_path": "images/frame_00041.png",
            "transform_matrix": [
                [
                    0.3470239366891815,
                    -0.7037533204924554,
                    -0.6199239076375312,
                    -1.334442247226816
                ],
                [
                    -0.7522170498526436,
                    0.18592076700617977,
                    -0.6321415809032184,
                    -2.0397628183169196
                ],
                [
                    0.5601284649754279,
                    0.6856855928861838,
                    -0.46485629008608037,
                    -2.838562596022301
                ],
                [
                    0.0,
                    0.0,
                    0.0,
                    1.0
                ]
            ],
            "colmap_im_id": 41
        },
        {
            "file_path": "images/frame_00042.png",
            "transform_matrix": [
                [
                    0.3152621109348733,
                    -0.6973348035059428,
                    -0.6436877917346389,
                    -1.4926992034044368
                ],
                [
                    -0.7992993069285508,
                    0.17053724936196463,
                    -0.5762270945760829,
                    -1.96389574753605
                ],
                [
                    0.5115959532213157,
                    0.6961617760257905,
                    -0.5036152919125775,
                    -3.0055229857751913
                ],
                [
                    0.0,
                    0.0,
                    0.0,
                    1.0
                ]
            ],
            "colmap_im_id": 42
        },
        {
            "file_path": "images/frame_00043.png",
            "transform_matrix": [
                [
                    0.28462634733411357,
                    -0.6949799011815766,
                    -0.6602959786011771,
                    -1.70746089081974
                ],
                [
                    -0.836243304631445,
                    0.15676758426043585,
                    -0.5254722257020125,
                    -1.944211380181093
                ],
                [
                    0.4687056409542348,
                    0.7017313314073934,
                    -0.5365521043280762,
                    -3.2017348755232415
                ],
                [
                    0.0,
                    0.0,
                    0.0,
                    1.0
                ]
            ],
            "colmap_im_id": 43
        },
        {
            "file_path": "images/frame_00044.png",
            "transform_matrix": [
                [
                    0.23951987532431232,
                    -0.680116993930446,
                    -0.692871635941059,
                    -1.9022434379959898
                ],
                [
                    -0.8779226092474679,
                    0.15301908322494467,
                    -0.45369268491029935,
                    -1.8529834716711362
                ],
                [
                    0.4145866875536944,
                    0.7169560898242033,
                    -0.5604389741686824,
                    -3.3814187893152106
                ],
                [
                    0.0,
                    0.0,
                    0.0,
                    1.0
                ]
            ],
            "colmap_im_id": 44
        },
        {
            "file_path": "images/frame_00045.png",
            "transform_matrix": [
                [
                    0.19882695969967512,
                    -0.6715758930454723,
                    -0.7137602258299071,
                    -1.980261479382675
                ],
                [
                    -0.9101392418544504,
                    0.14358189945311955,
                    -0.3886268114606098,
                    -1.767042525631824
                ],
                [
                    0.36347544694681905,
                    0.726890678183185,
                    -0.5826796216079634,
                    -3.4935149840591735
                ],
                [
                    0.0,
                    0.0,
                    0.0,
                    1.0
                ]
            ],
            "colmap_im_id": 45
        },
